"" "" "DR"
"1" -71.8891236455415 -51.1198511127289 0.332934559637064
"2" -70.955894470215 -51.1097078295031 0.351531713429349
"3" -72.9441018555793 -50.0995105917095 0.332934559637064
"4" -71.9558496388632 -50.1096886974102 0.332934559637064
"5" -70.955894470215 -50.1097078292609 0.257373153132067
"6" -69.955894470215 -50.1097078292609 0.269084252775895
"7" -70.953418797271 -51.8047918413585 0.341823069708538
"8" -69.9221497782766 -51.8296550306822 0.335577271950705
"9" -69.0387261281353 -51.9680891828832 0.356148841379985
"10" -69.955894470215 -51.1097078295031 0.357955880136352
"11" -69.2662425473787 -51.1481659635436 0.263997090276002
"12" -68.1173827111433 -49.8330615708616 0.293770044063775
"13" -72.8846367539794 -49.2747595024778 0.294572348377022
"14" -71.9251773370441 -48.1078235754546 0.294572348377022
"15" -70.955894470215 -48.1097078287065 0.302195579025983
"16" -71.7572629572433 -47.2097764183423 0.277557033608712
"17" -70.955894470215 -47.1097078283931 0.287481351448135
"18" -69.0160768046287 -50.0381349562752 0.28879317376142
"19" -71.955894470215 -49.1097078289956 0.294572348377022
"20" -70.955894470215 -49.1097078289956 0.258009342551097
"21" -69.955894470215 -49.1097078289956 0.266375717845676
"22" -68.955894470215 -49.1097078289956 0.266375717845676
"23" -68.0047646126928 -49.0826374444435 0.26487834884394
"24" -69.955894470215 -48.1097078287065 0.265725826591332
"25" -68.955894470215 -48.1097078287065 0.266375717845676
"26" -67.955894470215 -48.1097078287065 0.26487834884394
"27" -66.9761860262902 -48.0832257076368 0.30613225597929
"28" -66.1849141952553 -47.9020672853741 0.30613225597929
"29" -68.955894470215 -47.1097078283932 0.265725826591332
"30" -67.955894470215 -47.1097078283931 0.286818308121708
"31" -67.0191407653006 -47.2101975716785 0.30613225597929
"32" -66.1070147627958 -47.3529779265979 0.30613225597929
"33" -69.955894470215 -47.1097078283932 0.265725826591332
"34" -70.955894470215 -46.1097078280554 0.298385026754377
"35" -69.955894470215 -46.1097078280553 0.265725826591332
"36" -68.955894470215 -46.1097078280554 0.265725826591332
"37" -67.9893923394485 -46.1054868726053 0.30613225597929
"38" -69.955894470215 -45.1097078276933 0.265725826591332
"39" -68.955894470215 -45.1097078276933 0.265725826591332
"40" -67.955894470215 -45.1097078276933 0.298747959826954
"41" -67.0165899299576 -44.9969198862058 0.30613225597929
"42" -68.955894470215 -44.1097078273074 0.282074861331235
"43" -66.0459622092692 -44.8211043176764 0.3375108573076
"44" -70.9260883059758 -45.1237004708209 0.294243937339849
"45" -71.7232908113715 -43.0394297167635 0.298385026754377
"46" -71.7099271332767 -42.1898390261024 0.298385026754377
"47" -70.955894470215 -42.109707826468 0.294243937339849
"48" -70.9330482520034 -44.0841119578996 0.294243937339849
"49" -69.955894470215 -44.1097078273074 0.282074861331235
"50" -70.955894470215 -43.1097078268986 0.294243937339849
"51" -69.955894470215 -43.1097078268985 0.321825682262576
"52" -68.955894470215 -43.1097078268986 0.282074861331235
"53" -67.955894470215 -43.1097078268986 0.348139638117846
"54" -69.955894470215 -42.109707826468 0.309524879527612
"55" -68.955894470215 -42.109707826468 0.282074861331235
"56" -67.955894470215 -42.109707826468 0.348139638117846
"57" -66.955894470215 -42.109707826468 0.368518739688766
"58" -71.6629351761424 -41.101007782543 0.298385026754377
"59" -70.955894470215 -41.1097078260172 0.342778430262423
"60" -69.955894470215 -41.1097078260172 0.361082422516986
"61" -70.955894470215 -40.1097078255481 0.342778430262423
"62" -69.955894470215 -40.1097078255481 0.361082422516986
"63" -68.955894470215 -40.1097078255481 0.348139638117846
"64" -67.955894470215 -40.1097078255481 0.383025956451648
"65" -69.955894470215 -39.1097078250632 0.361082422516986
"66" -68.955894470215 -39.1097078250633 0.367876021778352
"67" -67.955894470215 -39.1097078250632 0.401219855384531
"68" -68.955894470215 -41.1097078260172 0.282074861331235
"69" -67.955894470215 -41.1097078260172 0.348139638117846
"70" -66.955894470215 -41.1097078260172 0.368518739688766
"71" -65.955894470215 -41.1097078260172 0.386300783126014
"72" -66.955894470215 -40.1097078255481 0.386300783126014
"73" -65.955894470215 -40.1097078255481 0.44729573093584
"74" -64.955894470215 -40.1097078255481 0.53689726542843
"75" -65.955894470215 -39.1097078250633 0.505804534809369
"76" -64.955894470215 -39.1097078250633 0.543961364839901
"77" -63.955894470215 -39.1097078250633 0.514027318816617
"78" -70.9095853724265 -39.158996043338 0.342778430262423
"79" -70.7614429253117 -38.0630429132548 0.342778430262423
"80" -69.955894470215 -38.1097078245652 0.361082422516986
"81" -66.955894470215 -39.1097078250633 0.505804534809369
"82" -68.955894470215 -38.1097078245652 0.367876021778352
"83" -67.955894470215 -38.1097078245652 0.401219855384531
"84" -66.955894470215 -38.1097078245652 0.505804534809369
"85" -65.955894470215 -38.1097078245652 0.543770106169004
"86" -67.955894470215 -37.1097078240572 0.450513484147797
"87" -66.955894470215 -37.1097078240573 0.497557439940995
"88" -65.955894470215 -37.1097078240573 0.554275839931089
"89" -66.955894470215 -36.1097078235428 0.490821389877121
"90" -65.955894470215 -36.1097078235428 0.493059830333834
"91" -70.7979008752567 -37.1180136140328 0.342778430262423
"92" -69.955894470215 -37.1097078240572 0.361082422516986
"93" -68.955894470215 -37.1097078240572 0.367876021778352
"94" -69.936810812347 -36.1196426928854 0.377308899277392
"95" -68.955894470215 -36.1097078235428 0.46931268951197
"96" -67.955894470215 -36.1097078235428 0.450513484147797
"97" -69.9115219991149 -35.1295526862414 0.465737691964429
"98" -68.955894470215 -35.1097078230257 0.46931268951197
"99" -67.955894470215 -35.1097078230257 0.450513484147797
"100" -69.7095866712786 -34.1630136262802 0.411869000913837
"101" -69.7391496825797 -33.0479881292643 0.361602693676046
"102" -68.955894470215 -33.1097078220003 0.445196656371659
"103" -69.8851282864029 -32.077949419095 0.433261704152059
"104" -67.986375958009 -54.1460023012679 0.399206502808017
"105" -66.9064386946271 -54.7843422698894 0.399206502808017
"106" -66.0028526615199 -54.7957806663504 0.399206502808017
"107" -67.043460881694 -54.3846133096571 0.399206502808017
"108" -67.955894470215 -44.1097078273074 0.282074861331235
"109" -66.955894470215 -44.1097078273074 0.327547209478705
"110" -65.9560496306227 -44.1094962837551 0.3375108573076
"111" -66.955894470215 -43.1097078268986 0.40414657770886
"112" -65.955894470215 -43.1097078268986 0.472297606083384
"113" -65.1213276319873 -43.0546604457252 0.472297606083384
"114" -65.955894470215 -42.109707826468 0.386300783126014
"115" -65.1136225733809 -42.1945524797095 0.472297606083384
"116" -65.1310008904311 -41.0176005813713 0.505804534809369
"117" -63.9021596802938 -40.850083331221 0.505804534809369
"118" -62.9997650027314 -40.8540527112341 0.543961364839901
"119" -63.955894470215 -40.1097078255481 0.543961364839901
"120" -62.9563764860083 -40.1092611132715 0.543961364839901
"121" -62.955894470215 -39.1097078250632 0.511825861685535
"122" -58.9615909293411 -38.1024901044169 0.458696887783446
"123" -58.0244606449682 -37.9796619980826 0.458696887783446
"124" -62.0355619365316 -38.9751901014526 0.511825861685535
"125" -60.9717032588164 -38.7923395505024 0.530538208894562
"126" -61.955894470215 -38.1097078245652 0.495825063182064
"127" -60.955894470215 -38.1097078245652 0.530538208894562
"128" -59.955894470215 -38.1097078245652 0.458696887783446
"129" -60.955894470215 -37.1097078240573 0.530538208894562
"130" -59.955894470215 -37.1097078240573 0.472851601641866
"131" -58.955894470215 -37.1097078240573 0.458696887783446
"132" -59.955894470215 -36.1097078235428 0.472851601641866
"133" -58.955894470215 -36.1097078235428 0.435445064639465
"134" -57.955894470215 -37.1097078240573 0.410787616192442
"135" -57.1340832568801 -37.0231068042115 0.410787616192442
"136" -57.1732021666745 -36.3225336544244 0.415414992637382
"137" -57.955894470215 -36.1097078235428 0.415414992637382
"138" -59.955894470215 -35.1097078230257 0.435445064639465
"139" -58.955894470215 -35.1097078230257 0.415414992637382
"140" -58.003454384752 -35.2062262973555 0.415414992637382
"141" -58.9713589472944 -34.1137152500994 0.411262186780072
"142" -64.955894470215 -38.1097078245652 0.499338667028358
"143" -63.955894470215 -38.1097078245652 0.50099191690903
"144" -62.955894470215 -38.1097078245652 0.495825063182064
"145" -64.955894470215 -37.1097078240572 0.479268155216222
"146" -63.955894470215 -37.1097078240572 0.484790956663007
"147" -62.955894470215 -37.1097078240573 0.495825063182064
"148" -61.955894470215 -37.1097078240572 0.530538208894562
"149" -63.955894470215 -36.1097078235428 0.495825063182064
"150" -62.955894470215 -36.1097078235428 0.530538208894562
"151" -61.955894470215 -36.1097078235428 0.472851601641866
"152" -64.955894470215 -36.1097078235428 0.496082413993915
"153" -65.955894470215 -35.1097078230257 0.455898336183289
"154" -64.955894470215 -35.1097078230257 0.495825063182064
"155" -63.955894470215 -35.1097078230257 0.495825063182064
"156" -64.955894470215 -34.10970782251 0.481108611317996
"157" -63.955894470215 -34.10970782251 0.441420379006539
"158" -62.955894470215 -34.10970782251 0.472851601641866
"159" -63.955894470215 -33.1097078220003 0.460797202565453
"160" -62.955894470215 -33.1097078220004 0.472851601641866
"161" -61.955894470215 -33.1097078220003 0.472851601641866
"162" -66.955894470215 -35.1097078230257 0.490821389877121
"163" -68.955894470215 -34.10970782251 0.428063247019929
"164" -67.955894470215 -34.10970782251 0.464012329057109
"165" -66.955894470215 -34.10970782251 0.509682046950435
"166" -65.955894470215 -34.10970782251 0.467953942569155
"167" -67.955894470215 -33.1097078220003 0.525419667381462
"168" -66.955894470215 -33.1097078220004 0.430483505841758
"169" -65.955894470215 -33.1097078220004 0.446847340482868
"170" -64.955894470215 -33.1097078220003 0.460797202565453
"171" -66.955894470215 -32.1097078215013 0.430483505841758
"172" -60.955894470215 -36.1097078235428 0.472851601641866
"173" -62.955894470215 -35.1097078230257 0.472851601641866
"174" -61.955894470215 -35.1097078230257 0.472851601641866
"175" -60.955894470215 -35.1097078230257 0.472851601641866
"176" -61.955894470215 -34.10970782251 0.472851601641866
"177" -60.955894470215 -34.10970782251 0.472851601641866
"178" -59.955894470215 -34.10970782251 0.415414992637382
"179" -60.955894470215 -33.1097078220003 0.429617525251015
"180" -59.955894470215 -33.1097078220004 0.388170334222774
"181" -58.9626440353023 -33.1036652751663 0.411262186780072
"182" -65.955894470215 -32.1097078215013 0.446847340482868
"183" -64.955894470215 -32.1097078215013 0.446847340482868
"184" -65.955894470215 -31.1097078210178 0.446847340482868
"185" -64.955894470215 -31.1097078210178 0.446847340482868
"186" -63.955894470215 -31.1097078210178 0.460797202565453
"187" -65.955894470215 -30.1097078205548 0.410379455352392
"188" -64.955894470215 -30.1097078205548 0.446847340482868
"189" -63.955894470215 -30.1097078205548 0.486488003535111
"190" -62.955894470215 -30.1097078205548 0.445014876234824
"191" -64.955894470215 -29.1097078201175 0.399997764578325
"192" -63.955894470215 -32.1097078215013 0.460797202565453
"193" -62.955894470215 -32.1097078215013 0.472851601641866
"194" -61.955894470215 -32.1097078215013 0.472851601641866
"195" -62.955894470215 -31.1097078210178 0.445014876234824
"196" -61.955894470215 -31.1097078210178 0.472851601641866
"197" -60.955894470215 -31.1097078210178 0.402414602322981
"198" -61.955894470215 -30.1097078205548 0.435586250239705
"199" -60.955894470215 -30.1097078205548 0.402414602322981
"200" -59.955894470215 -30.1097078205548 0.388280145245184
"201" -61.955894470215 -29.1097078201175 0.467084014440134
"202" -60.955894470215 -32.1097078215013 0.429617525251015
"203" -59.955894470215 -32.1097078215013 0.410315895672489
"204" -58.955894470215 -32.1097078215013 0.387157274792656
"205" -59.955894470215 -31.1097078210178 0.388280145245184
"206" -58.955894470215 -31.1097078210178 0.406729656144611
"207" -58.1767649614031 -31.0698586018797 0.396954441085963
"208" -58.955894470215 -30.1097078205548 0.389931069212285
"209" -58.0049118526815 -30.0633112628519 0.412173185135479
"210" -58.955894470215 -29.1097078201175 0.389931069212285
"211" -57.955894470215 -29.1097078201174 0.401432930479733
"212" -63.955894470215 -29.1097078201175 0.460426318583281
"213" -62.955894470215 -29.1097078201175 0.506674267003227
"214" -63.955894470215 -28.109707819711 0.505731310884331
"215" -62.955894470215 -28.109707819711 0.505731310884331
"216" -61.955894470215 -28.109707819711 0.467084014440134
"217" -63.955894470215 -27.1097078193406 0.569936975803783
"218" -62.955894470215 -27.1097078193406 0.538265137611725
"219" -61.955894470215 -27.1097078193406 0.474444146456955
"220" -62.955894470215 -26.1097078190113 0.511937004261272
"221" -61.955894470215 -26.1097078190113 0.48394188837273
"222" -60.955894470215 -29.1097078201175 0.422652153226356
"223" -59.955894470215 -29.1097078201175 0.377251583112713
"224" -60.955894470215 -28.109707819711 0.467084014440134
"225" -59.955894470215 -28.109707819711 0.437850529917739
"226" -58.955894470215 -28.109707819711 0.399309710941272
"227" -60.955894470215 -27.1097078193406 0.486877681440485
"228" -59.955894470215 -27.1097078193406 0.437850529917739
"229" -58.9736289810701 -27.107788316378 0.427464673220748
"230" -59.955894470215 -26.1097078190113 0.440025033782228
"231" -58.955894470215 -26.1097078190113 0.424071190544885
"232" -57.0125981152826 -29.0578985606189 0.42248168477451
"233" -57.955894470215 -28.109707819711 0.408113041853396
"234" -56.955894470215 -28.109707819711 0.399245303985625
"235" -58.0046909834325 -27.4542069176354 0.388996743589728
"236" -58.2904318171058 -32.0741127026748 0.401486971721423
"237" -56.017545468393 -28.0444596131484 0.370279121633165
"238" -54.916469761486 -27.1627404095562 0.414879352457292
"239" -54.1256572335414 -26.953061815998 0.414879352457292
"240" -54.0942007842571 -26.1435559261649 0.405871924485228
"241" -68.955894470215 -32.1097078215013 0.566657191312944
"242" -67.955894470215 -32.1097078215013 0.525419667381462
"243" -69.9142043035479 -31.1370452004938 0.421350358871154
"244" -68.955894470215 -31.1097078210178 0.566657191312944
"245" -67.955894470215 -31.1097078210178 0.546287323774247
"246" -66.955894470215 -31.1097078210178 0.53202379775248
"247" -68.955894470215 -30.1097078205548 0.509798005133452
"248" -67.955894470215 -30.1097078205548 0.584614866628771
"249" -66.955894470215 -30.1097078205548 0.497422112955245
"250" -67.955894470215 -29.1097078201175 0.532618369307238
"251" -69.7195662633342 -30.155296537357 0.332116709244312
"252" -69.6698357160277 -29.1923813110874 0.341275049108664
"253" -68.955894470215 -29.1097078201175 0.282224430428504
"254" -68.8865923817467 -28.1645164682936 0.282224430428504
"255" -66.955894470215 -29.1097078201175 0.493732326932174
"256" -65.955894470215 -29.1097078201175 0.477137111306051
"257" -67.955894470215 -28.109707819711 0.448654697253906
"258" -66.955894470215 -28.109707819711 0.45403704367935
"259" -65.955894470215 -28.109707819711 0.44553354627926
"260" -64.955894470215 -28.109707819711 0.446465216499527
"261" -66.955894470215 -27.1097078193406 0.461361719097162
"262" -65.955894470215 -27.1097078193406 0.424346285331359
"263" -64.955894470215 -27.1097078193406 0.458779313226109
"264" -65.955894470215 -26.1097078190113 0.432955212473176
"265" -67.938186018417 -27.1172821700539 0.448654697253906
"266" -67.949411518784 -26.1098885705222 0.430935018593842
"267" -66.955894470215 -26.1097078190113 0.461361719097162
"268" -67.9503579400757 -25.1104380586167 0.255757971341599
"269" -66.955894470215 -25.1097078187281 0.41823411212761
"270" -64.955894470215 -26.1097078190113 0.448152157385645
"271" -63.955894470215 -26.1097078190113 0.489565429120498
"272" -65.955894470215 -25.1097078187281 0.423736174156354
"273" -64.955894470215 -25.1097078187281 0.479680640743244
"274" -63.955894470215 -25.1097078187281 0.48711415297257
"275" -64.955894470215 -24.1097078184957 0.521198873891508
"276" -63.955894470215 -24.1097078184957 0.517950386229026
"277" -62.955894470215 -24.1097078184957 0.48394188837273
"278" -64.955894470215 -23.1097078183186 0.474806169648524
"279" -63.9460826116152 -23.1205138796876 0.484175110995739
"280" -67.8384464003594 -24.4230739241582 0.256342956971004
"281" -66.9171864698678 -24.1390524446101 0.401691198829842
"282" -65.955894470215 -24.1097078184957 0.465803078072551
"283" -66.774263165754 -23.1187557084654 0.297828311747764
"284" -65.955894470215 -23.1097078183186 0.407775828630477
"285" -65.9724610858235 -22.2956419536647 0.391383163297951
"286" -65.0101869751807 -22.371677566695 0.471377698178574
"287" -62.955894470215 -23.1097078183186 0.503466144965737
"288" -63.7785814653422 -22.3328292421155 0.469805928731109
"289" -63.020065430893 -22.3355772990857 0.505290077662008
"290" -60.955894470215 -26.1097078190113 0.453725472089842
"291" -62.955894470215 -25.1097078187281 0.48394188837273
"292" -61.955894470215 -25.1097078187281 0.48394188837273
"293" -60.955894470215 -25.1097078187281 0.48394188837273
"294" -61.955894470215 -24.1097078184957 0.48394188837273
"295" -61.000497866998 -24.1801105551486 0.48394188837273
"296" -60.0138616264477 -24.3528984088894 0.453725472089842
"297" -62.0838758823944 -23.2335003344126 0.48394188837273
"298" -58.1904203361309 -25.9984505328409 0.401712964574762
"299" -59.955894470215 -25.1097078187281 0.468856192233153
"300" -58.9841818922947 -25.1525945652025 0.415292485060846
"301" -58.0791882829597 -25.3277695563573 0.39484101158802
"302" -68.8344761324884 -16.0410470235576 0.36455145023611
"303" -68.8756193729286 -15.1119923849423 0.378914646986059
"304" -68.7329400699063 -14.1264056735867 0.3744967805984
"305" -68.6950712342946 -13.1376206779912 0.340800808732826
"306" -67.955894470215 -13.1097078202725 0.300972417729954
"307" -68.6932647085697 -12.0148736957799 0.293076485922466
"308" -67.955894470215 -12.1097078208691 0.310001570653504
"309" -68.9299585945921 -11.2897234579873 0.296384107414492
"310" -67.9104765492537 -11.1672533929146 0.302431593005107
"311" -67.0124654593244 -22.0479355563337 0.30327440445359
"312" -65.9271918000277 -21.8252035144574 0.379932421162999
"313" -64.9097306285014 -21.8949847677321 0.4793888480982
"314" -67.7264835296429 -22.0646739117249 0.303577940855917
"315" -67.8889179456548 -21.070853074732 0.303577940855917
"316" -64.0631395370515 -21.9677564489788 0.49428357671029
"317" -62.9558582117416 -21.8300320823764 0.498913538160432
"318" -63.955894470215 -21.1097078181466 0.48478676773217
"319" -62.955894470215 -21.1097078181466 0.498913538160432
"320" -63.955894470215 -20.1097078181588 0.474625872684359
"321" -62.955894470215 -20.1097078181588 0.46765053762785
"322" -62.1841486365957 -20.0096368873736 0.426062573291938
"323" -59.964821927869 -18.971747677075 0.362540932076792
"324" -58.9206966631348 -19.0336783977086 0.368568618171967
"325" -58.134722632811 -19.0571774747272 0.34990467382572
"326" -59.955894470215 -18.1097078183936 0.374245008725407
"327" -58.955894470215 -18.1097078183936 0.374245008725407
"328" -58.0437927061367 -18.1248030256334 0.354601026397275
"329" -59.955894470215 -17.1097078186202 0.311127412153429
"330" -58.9569256864954 -17.1105775576011 0.349751439038177
"331" -58.9668944784621 -16.4551426355803 0.308843917968496
"332" -66.955894470215 -21.1097078181466 0.28924362027494
"333" -65.955894470215 -21.1097078181466 0.400940088336522
"334" -64.955894470215 -21.1097078181466 0.471286365978359
"335" -66.955894470215 -20.1097078181588 0.328075757415516
"336" -65.955894470215 -20.1097078181588 0.377999521605732
"337" -64.955894470215 -20.1097078181588 0.427974709732767
"338" -65.955894470215 -19.1097078182403 0.392453268560638
"339" -64.955894470215 -19.1097078182403 0.441708566313766
"340" -63.955894470215 -19.1097078182403 0.426578102480226
"341" -65.955894470215 -18.1097078183936 0.415014651174715
"342" -67.955894470215 -20.1097078181588 0.254403896686867
"343" -67.9540379023805 -19.1087765746065 0.379780439832693
"344" -66.955894470215 -19.1097078182403 0.368080625095506
"345" -68.8249102478227 -18.0560782233373 0.420501028176618
"346" -67.955894470215 -18.1097078183936 0.37585283606485
"347" -66.955894470215 -18.1097078183936 0.412028805890218
"348" -68.9109534311959 -17.1517589453868 0.409272811796628
"349" -62.955894470215 -19.1097078182403 0.388362674496087
"350" -61.9562160096423 -19.1093638017503 0.386586044205157
"351" -60.9710604018353 -19.0619742412875 0.359582457618981
"352" -62.955894470215 -18.1097078183936 0.396082827992137
"353" -61.955894470215 -18.1097078183936 0.399893128328996
"354" -60.955894470215 -18.1097078183936 0.371911220138368
"355" -61.955894470215 -17.1097078186202 0.356654632720605
"356" -60.955894470215 -17.1097078186202 0.311127412153429
"357" -61.955894470215 -16.1097078189213 0.336257169318395
"358" -60.955894470215 -16.1097078189213 0.317813342733245
"359" -64.955894470215 -18.1097078183936 0.421665805208507
"360" -63.955894470215 -18.1097078183936 0.402338226863006
"361" -64.955894470215 -17.1097078186202 0.407909125077042
"362" -63.955894470215 -17.1097078186202 0.404493377460324
"363" -62.955894470215 -17.1097078186202 0.342384768115098
"364" -64.955894470215 -16.1097078189213 0.383316296438918
"365" -63.955894470215 -16.1097078189213 0.34938688426779
"366" -62.955894470215 -16.1097078189213 0.33210064698748
"367" -64.955894470215 -15.1097078192973 0.293508679536778
"368" -63.955894470215 -15.1097078192973 0.314306307446261
"369" -67.955894470215 -17.1097078186202 0.363465894242655
"370" -66.955894470215 -17.1097078186202 0.395774657489856
"371" -65.955894470215 -17.1097078186202 0.411187507774338
"372" -67.955894470215 -16.1097078189213 0.382957818075156
"373" -66.955894470215 -16.1097078189213 0.383030787201777
"374" -65.955894470215 -16.1097078189213 0.421931372744835
"375" -67.955894470215 -15.1097078192973 0.384589469346338
"376" -66.955894470215 -15.1097078192973 0.31872994479745
"377" -65.955894470215 -15.1097078192973 0.302168042248136
"378" -67.955894470215 -14.109707819748 0.306883542049693
"379" -60.0814294056032 -16.2780184842781 0.300237307045616
"380" -61.955894470215 -15.1097078192973 0.307618561369018
"381" -60.9587287436782 -15.1094501673714 0.304489821205718
"382" -61.955894470215 -14.109707819748 0.307618561369018
"383" -60.9753201442779 -14.1333997835626 0.304489821205718
"384" -62.955894470215 -15.1097078192973 0.301975074835193
"385" -64.955894470215 -14.109707819748 0.283282099927632
"386" -63.955894470215 -14.109707819748 0.29954287869648
"387" -62.955894470215 -14.109707819748 0.292544486016603
"388" -63.955894470215 -13.1097078202725 0.27148444724926
"389" -63.012818418174 -13.2119582415425 0.265942241769188
"390" -66.955894470215 -14.109707819748 0.309634552523571
"391" -65.955894470215 -14.109707819748 0.283282099927632
"392" -66.955894470215 -13.1097078202725 0.303980441736525
"393" -65.955894470215 -13.1097078202725 0.294170454648018
"394" -64.955894470215 -13.1097078202725 0.29954287869648
"395" -66.955894470215 -12.1097078208691 0.308550367080381
"396" -65.955894470215 -12.1097078208691 0.266694500185583
"397" -65.0544198681816 -12.2223564537027 0.27023519393655
"398" -66.955894470215 -11.1097078215356 0.298223718345299
"399" -65.955894470215 -11.1097078215356 0.277788785728779
"400" -66.8429296484352 -10.3417851025158 0.308543007012079
"401" -65.9465521516969 -10.203346999583 0.279219365300969
"402" -45.0191620074356 -23.0245329195042 0.392633580612285
"403" -43.9495258650033 -22.8072139430558 0.39871279727316
"404" -42.0020273807929 -22.0559866638127 0.348208451334494
"405" -42.9580251037684 -22.791374503872 0.348208451334494
"406" -44.955894470215 -22.109707818201 0.377759732468721
"407" -43.955894470215 -22.109707818201 0.385109456051121
"408" -42.955894470215 -22.109707818201 0.338282330233552
"409" -43.955894470215 -21.1097078181466 0.33000610142462
"410" -42.955894470215 -21.1097078181466 0.338282330233552
"411" -41.955894470215 -21.1097078181466 0.384366582655924
"412" -43.955894470215 -20.1097078181588 0.328802360127559
"413" -42.955894470215 -20.1097078181588 0.361225810646849
"414" -41.955894470215 -20.1097078181588 0.377532302067826
"415" -69.9847335339812 -10.8001916468885 0.296384107414492
"416" -68.9163142152991 -10.8177791382132 0.296384107414492
"417" -69.955894470215 -10.1097078222691 0.295697470114409
"418" -68.955894470215 -10.1097078222691 0.296384107414492
"419" -71.2150273298662 -9.76278943542112 0.295697470114409
"420" -72.7703990537719 -9.00906029065325 0.295697470114409
"421" -71.9477925980175 -9.10148492905039 0.295697470114409
"422" -67.9639017915146 -10.1012286545568 0.308543007012079
"423" -69.955894470215 -9.10970782306581 0.295697470114409
"424" -68.955894470215 -9.10970782306582 0.295697470114409
"425" -67.955894470215 -9.10970782306581 0.285330749253172
"426" -66.955894470215 -9.10970782306581 0.282613913344519
"427" -68.955894470215 -8.10970782392162 0.291887819259475
"428" -67.955894470215 -8.10970782392162 0.283039339995979
"429" -66.955894470215 -8.10970782392161 0.282613913344519
"430" -68.955894470215 -7.10970782483165 0.290402771433507
"431" -67.955894470215 -7.10970782483164 0.290402771433507
"432" -70.9639087767309 -9.09969884570231 0.295697470114409
"433" -72.9467701555272 -8.10147226732439 0.295697470114409
"434" -71.955894470215 -8.10970782392162 0.295697470114409
"435" -70.955894470215 -8.10970782392161 0.295697470114409
"436" -69.955894470215 -8.10970782392162 0.295697470114409
"437" -72.9543971049285 -7.11115559088226 0.295697470114409
"438" -71.955894470215 -7.10970782483165 0.294288745488713
"439" -70.955894470215 -7.10970782483164 0.290825409893765
"440" -69.955894470215 -7.10970782483165 0.290402771433507
"441" -72.8062042807106 -6.13089132717043 0.290825409893765
"442" -52.9982165146641 -33.0692193920217 0.388898075352074
"443" -54.89915118706 -30.9887689038459 0.340670002581722
"444" -56.8776488492695 -29.9507663638331 0.396954441085963
"445" -55.9452272968824 -30.0988806573051 0.382296506727408
"446" -54.955894470215 -30.1097078205548 0.390757776775078
"447" -55.9199063836016 -29.1437959341415 0.387451517772371
"448" -53.7865062242553 -31.8898816886937 0.388898075352074
"449" -52.9528815683658 -32.1067631772834 0.456448218089957
"450" -52.3148541694859 -32.0104457604383 0.479596714270697
"451" -53.955894470215 -31.1097078210178 0.426222655983836
"452" -52.955894470215 -31.1097078210178 0.392047105667338
"453" -52.0255745667513 -31.034184784052 0.4072365465205
"454" -53.955894470215 -30.1097078205548 0.45449973606636
"455" -52.955894470215 -30.1097078205548 0.407722830610677
"456" -51.955894470215 -30.1097078205548 0.392080511190636
"457" -50.9559350878837 -30.0266585628428 0.401437615563029
"458" -50.0119640012414 -29.0595354287428 0.381683602552254
"459" -54.955894470215 -29.1097078201175 0.451950646030603
"460" -53.955894470215 -29.1097078201175 0.405389114179451
"461" -54.9053008998977 -28.1731375845171 0.41967186678656
"462" -53.955894470215 -28.109707819711 0.400828756308742
"463" -53.7927797259519 -27.2594000622725 0.414879352457292
"464" -52.955894470215 -27.1097078193406 0.414879352457292
"465" -52.955894470215 -29.1097078201175 0.405717882154666
"466" -51.955894470215 -29.1097078201175 0.3924553056447
"467" -50.955894470215 -29.1097078201175 0.3924553056447
"468" -52.955894470215 -28.109707819711 0.407479717752802
"469" -51.955894470215 -28.109707819711 0.410207019021203
"470" -50.955894470215 -28.109707819711 0.402535831368014
"471" -51.955894470215 -27.1097078193406 0.405102674865429
"472" -50.955894470215 -27.1097078193406 0.415215598957452
"473" -49.955894470215 -27.1097078193406 0.391727333782083
"474" -51.955894470215 -26.1097078190113 0.405871924485228
"475" -49.955894470215 -28.109707819711 0.404519951310498
"476" -49.059329098711 -28.0896326115238 0.404519951310498
"477" -49.0315687397178 -27.1182909462121 0.396761338722285
"478" -49.0134441559452 -26.0924398963774 0.387378206003629
"479" -50.955894470215 -26.1097078190113 0.392026124684779
"480" -49.955894470215 -26.1097078190113 0.393256779804191
"481" -50.955894470215 -25.1097078187281 0.38156153680606
"482" -49.955894470215 -25.1097078187281 0.381307938523488
"483" -48.9620461503149 -25.1033753969532 0.392771758203043
"484" -50.955894470215 -24.1097078184957 0.344192400189495
"485" -49.955894470215 -24.1097078184957 0.343242403963492
"486" -48.955894470215 -24.1097078184957 0.35094275053239
"487" -50.955894470215 -23.1097078183186 0.339943926936379
"488" -49.955894470215 -23.1097078183186 0.339912643234358
"489" -52.955894470215 -26.1097078190113 0.405871924485228
"490" -53.9398166491331 -25.1128034594936 0.394930221346275
"491" -52.955894470215 -25.1097078187281 0.389694408164592
"492" -51.955894470215 -25.1097078187281 0.4001918999811
"493" -53.9109002468015 -24.0916694957293 0.397386913248931
"494" -52.955894470215 -24.1097078184957 0.346147342532696
"495" -51.955894470215 -24.1097078184957 0.346147342532696
"496" -52.955894470215 -23.1097078183186 0.371563016748513
"497" -51.955894470215 -23.1097078183186 0.371563016748513
"498" -52.955894470215 -22.109707818201 0.377213141037279
"499" -54.9926752282077 -23.7724632139069 0.417950005300432
"500" -54.955894470215 -23.1097078183186 0.346816974356036
"501" -53.955894470215 -23.1097078183186 0.369846869599096
"502" -55.8962828782319 -22.0015864868913 0.329292404683986
"503" -54.955894470215 -22.109707818201 0.33549236094592
"504" -53.955894470215 -22.109707818201 0.359042111044255
"505" -56.9611012615023 -21.9184167582047 0.329281880779325
"506" -57.6781750397325 -21.1104249822652 0.380695278097292
"507" -56.955894470215 -21.1097078181466 0.337161234688693
"508" -55.955894470215 -21.1097078181466 0.339897693869191
"509" -57.7561255191323 -20.106390193587 0.375348982935736
"510" -56.955894470215 -20.1097078181588 0.340039808859849
"511" -55.955894470215 -20.1097078181588 0.361309820321847
"512" -56.955894470215 -19.1097078182403 0.330712072347281
"513" -55.955894470215 -19.1097078182403 0.336937535001737
"514" -56.955894470215 -18.1097078183936 0.328050442648988
"515" -54.955894470215 -21.1097078181466 0.348726606597594
"516" -53.955894470215 -21.1097078181466 0.352616730532608
"517" -54.955894470215 -20.1097078181588 0.327367767687147
"518" -53.955894470215 -20.1097078181588 0.333435580125752
"519" -52.955894470215 -20.1097078181588 0.348563126568162
"520" -54.955894470215 -19.1097078182403 0.320903499512295
"521" -53.955894470215 -19.1097078182403 0.327946659947979
"522" -52.955894470215 -19.1097078182403 0.322345798363424
"523" -53.955894470215 -18.1097078183936 0.321971330586421
"524" -52.955894470215 -18.1097078183936 0.326162156095739
"525" -57.664118661162 -19.1957928920615 0.339131165677145
"526" -57.9053263695584 -17.0473460566412 0.314087186397054
"527" -58.9496616477761 -15.9555127276097 0.29803861244789
"528" -57.9394727317941 -16.0979636856593 0.315395850749836
"529" -55.955894470215 -18.1097078183936 0.319546140273362
"530" -54.955894470215 -18.1097078183936 0.323008774969435
"531" -56.955894470215 -17.1097078186202 0.314087186397054
"532" -55.955894470215 -17.1097078186202 0.314028817039193
"533" -54.955894470215 -17.1097078186202 0.314028817039193
"534" -55.955894470215 -16.1097078189213 0.319997418066183
"535" -54.955894470215 -16.1097078189213 0.324238531437875
"536" -55.955894470215 -15.1097078192973 0.324238531437875
"537" -54.955894470215 -15.1097078192973 0.324238531437875
"538" -55.955894470215 -14.109707819748 0.324238531437875
"539" -53.955894470215 -17.1097078186202 0.318137046745093
"540" -52.955894470215 -17.1097078186202 0.318137046745093
"541" -53.955894470215 -16.1097078189213 0.324238531437875
"542" -52.955894470215 -16.1097078189213 0.318137046745093
"543" -51.955894470215 -16.1097078189213 0.319534330149058
"544" -53.955894470215 -15.1097078192973 0.324238531437875
"545" -52.955894470215 -15.1097078192973 0.324238531437875
"546" -51.955894470215 -15.1097078192973 0.324238531437875
"547" -53.955894470215 -14.109707819748 0.324238531437875
"548" -52.955894470215 -14.109707819748 0.324238531437875
"549" -56.955894470215 -16.1097078189213 0.317595928773103
"550" -58.955894470215 -15.1097078192973 0.297807055369914
"551" -57.955894470215 -15.1097078192973 0.317595928798622
"552" -56.955894470215 -15.1097078192973 0.34001754512372
"553" -58.955894470215 -14.109707819748 0.299659774724066
"554" -57.955894470215 -14.109707819748 0.307080335369125
"555" -56.955894470215 -14.109707819748 0.324238531468862
"556" -58.955894470215 -13.1097078202725 0.269816386773588
"557" -57.955894470215 -13.1097078202725 0.271706636340135
"558" -56.955894470215 -13.1097078202725 0.28836685387918
"559" -59.8267024279235 -15.9380363123751 0.300237307045616
"560" -59.8815916681686 -15.1147224097226 0.304471770146403
"561" -59.9387842930778 -14.0997671082974 0.291407668166108
"562" -60.9424401452813 -13.0856015817053 0.26565630503062
"563" -59.955894470215 -13.1097078202725 0.264252649165557
"564" -60.955894470215 -12.1097078208691 0.262760258583165
"565" -61.8911277477223 -12.9985957696236 0.267555958957794
"566" -63.9499058135285 -12.0543108170161 0.27148444724926
"567" -62.9558936867999 -12.1097076668885 0.27148444724926
"568" -61.955894470215 -12.1097078208691 0.265116396555447
"569" -64.7359958739858 -11.8601996300121 0.27148444724926
"570" -59.955894470215 -12.1097078208691 0.272000025116691
"571" -58.955894470215 -12.1097078208691 0.278434537429654
"572" -60.955894470215 -11.1097078215356 0.270083886658949
"573" -59.955894470215 -11.1097078215356 0.273802362893328
"574" -58.955894470215 -11.1097078215356 0.282513071991439
"575" -60.955894470215 -10.1097078222691 0.274129016414205
"576" -59.955894470215 -10.1097078222691 0.275773890941559
"577" -58.955894470215 -10.1097078222691 0.29204575416324
"578" -60.955894470215 -9.10970782306581 0.272822261770266
"579" -59.955894470215 -9.10970782306582 0.275773890941559
"580" -64.8968911095692 -11.0989605672128 0.269415525649429
"581" -67.052009117196 -9.90887023824681 0.308543007012079
"582" -64.9041029464301 -10.1122100167807 0.268851731898489
"583" -65.955894470215 -9.10970782306582 0.282613913344519
"584" -64.955894470215 -9.10970782306581 0.265594677352445
"585" -63.955894470215 -9.10970782306582 0.265594677352445
"586" -65.955894470215 -8.10970782392162 0.280015774467014
"587" -64.955894470215 -8.10970782392162 0.280015774467014
"588" -63.955894470215 -8.10970782392161 0.265594677352445
"589" -54.955894470215 -14.109707819748 0.324238531437875
"590" -55.955894470215 -13.1097078202725 0.315299791522151
"591" -54.955894470215 -13.1097078202725 0.315299791522151
"592" -53.955894470215 -13.1097078202725 0.315299791522151
"593" -55.955894470215 -12.1097078208691 0.29873425774198
"594" -54.955894470215 -12.1097078208691 0.332366248457543
"595" -53.955894470215 -12.1097078208691 0.320094598183281
"596" -54.955894470215 -11.1097078215356 0.343861729943425
"597" -53.955894470215 -11.1097078215356 0.330674971131756
"598" -54.955894470215 -10.1097078222691 0.33083396634119
"599" -51.955894470215 -14.109707819748 0.324238531437875
"600" -52.955894470215 -13.1097078202725 0.315299791522151
"601" -51.955894470215 -13.1097078202725 0.315299791522151
"602" -52.955894470215 -12.1097078208691 0.320094598183281
"603" -51.955894470215 -12.1097078208691 0.320094598183281
"604" -52.955894470215 -11.1097078215356 0.341955092499267
"605" -51.955894470215 -11.1097078215356 0.341955092499267
"606" -50.955894470215 -11.1097078215356 0.352987055772922
"607" -52.955894470215 -10.1097078222691 0.330674971131756
"608" -51.955894470215 -10.1097078222691 0.330674971131756
"609" -57.955894470215 -12.1097078208691 0.279987401001545
"610" -56.955894470215 -12.1097078208691 0.279987401001545
"611" -57.955894470215 -11.1097078215356 0.29204575416324
"612" -56.955894470215 -11.1097078215356 0.292717218588524
"613" -55.955894470215 -11.1097078215356 0.290664304987574
"614" -57.955894470215 -10.1097078222691 0.29204575416324
"615" -56.955894470215 -10.1097078222691 0.29204575416324
"616" -55.955894470215 -10.1097078222691 0.292717218588524
"617" -57.955894470215 -9.10970782306582 0.29204575416324
"618" -56.955894470215 -9.10970782306582 0.29204575416324
"619" -53.955894470215 -10.1097078222691 0.343861729943425
"620" -54.955894470215 -9.10970782306581 0.33083396634119
"621" -53.955894470215 -9.10970782306581 0.343861729943425
"622" -54.955894470215 -8.10970782392162 0.33083396634119
"623" -53.955894470215 -8.10970782392161 0.33083396634119
"624" -54.955894470215 -7.10970782483164 0.33083396634119
"625" -53.955894470215 -7.10970782483165 0.33083396634119
"626" -52.955894470215 -7.10970782483164 0.33083396634119
"627" -54.955894470215 -6.10970782579053 0.326697343029301
"628" -53.955894470215 -6.10970782579053 0.33083396634119
"629" -50.955894470215 -10.1097078222691 0.337790793161538
"630" -52.955894470215 -9.10970782306582 0.343861729943425
"631" -51.955894470215 -9.10970782306581 0.330674971131756
"632" -50.955894470215 -9.10970782306581 0.342905134980944
"633" -52.955894470215 -8.10970782392162 0.343861729943425
"634" -51.955894470215 -8.10970782392162 0.330674971131756
"635" -50.955894470215 -8.10970782392161 0.342905134980944
"636" -51.955894470215 -7.10970782483164 0.329973030874958
"637" -50.955894470215 -7.10970782483165 0.329973030874958
"638" -51.955894470215 -6.10970782579053 0.329973030874958
"639" -55.955894470215 -9.10970782306581 0.292717218588524
"640" -57.955894470215 -8.10970782392162 0.29204575416324
"641" -56.955894470215 -8.10970782392162 0.29204575416324
"642" -55.955894470215 -8.10970782392162 0.290664304987574
"643" -57.955894470215 -7.10970782483164 0.290130985479857
"644" -56.955894470215 -7.10970782483165 0.290130985479857
"645" -55.955894470215 -7.10970782483164 0.326697343029301
"646" -56.955894470215 -6.10970782579053 0.297856262034389
"647" -55.955894470215 -6.10970782579053 0.337306727683324
"648" -56.955894470215 -5.10970782679239 0.285957002404963
"649" -52.955894470215 -6.10970782579053 0.34308179632476
"650" -54.955894470215 -5.10970782679239 0.322902812961215
"651" -53.955894470215 -5.1097078267924 0.326659983266296
"652" -52.955894470215 -5.1097078267924 0.34308179632476
"653" -54.955894470215 -4.10970782783091 0.322902812961215
"654" -53.955894470215 -4.10970782783091 0.322902812961215
"655" -52.955894470215 -4.10970782783091 0.326659983266296
"656" -54.955894470215 -3.10970782889939 0.322902812961215
"657" -53.955894470215 -3.10970782889939 0.322902812961215
"658" -52.955894470215 -3.10970782889939 0.322902812961215
"659" -50.955894470215 -6.10970782579053 0.329973030874958
"660" -51.955894470215 -5.10970782679239 0.329973030874958
"661" -50.955894470215 -5.10970782679239 0.345508097338619
"662" -51.955894470215 -4.10970782783091 0.3162358158627
"663" -50.955894470215 -4.10970782783091 0.328843654178769
"664" -51.955894470215 -3.10970782889939 0.3162358158627
"665" -50.955894470215 -3.10970782889939 0.3162358158627
"666" -51.955894470215 -2.10970782999082 0.313660423700009
"667" -50.955894470215 -2.10970782999082 0.3162358158627
"668" -51.955894470215 -1.10970783109795 0.305487931996006
"669" -55.955894470215 -5.10970782679239 0.322902812961215
"670" -56.955894470215 -4.10970782783091 0.285957002404963
"671" -55.955894470215 -4.10970782783091 0.322902812961215
"672" -56.955894470215 -3.10970782889939 0.285957002404963
"673" -55.955894470215 -3.10970782889939 0.322902812961215
"674" -56.955894470215 -2.10970782999082 0.285957002404963
"675" -55.955894470215 -2.10970782999082 0.322902812961215
"676" -56.955894470215 -1.10970783109795 0.289649033966699
"677" -55.955894470215 -1.10970783109795 0.289649033966699
"678" -56.955894470215 -0.109707832213416 0.282432529098186
"679" -54.955894470215 -2.10970782999082 0.322902812961215
"680" -53.955894470215 -2.10970782999082 0.322902812961215
"681" -52.955894470215 -2.10970782999082 0.322902812961215
"682" -54.955894470215 -1.10970783109795 0.329920222422403
"683" -53.955894470215 -1.10970783109795 0.322902812961215
"684" -52.955894470215 -1.10970783109795 0.322902812961215
"685" -53.955894470215 -0.109707832213417 0.282432529098186
"686" -52.955894470215 -0.109707832213414 0.267291866179954
"687" -52.955894470215 0.890292166670283 0.267291866179954
"688" -53.955894470215 0.890292166670287 0.282432529098186
"689" -63.955894470215 -11.1097078215356 0.274800952859036
"690" -62.955894470215 -11.1097078215356 0.273103088665982
"691" -61.955894470215 -11.1097078215356 0.273103088665982
"692" -63.955894470215 -10.1097078222691 0.268851731898489
"693" -62.955894470215 -10.1097078222691 0.269928892638391
"694" -61.955894470215 -10.1097078222691 0.264676889610137
"695" -62.955894470215 -9.10970782306582 0.265594677352445
"696" -61.955894470215 -9.10970782306581 0.264676889610137
"697" -62.955894470215 -8.10970782392162 0.266665429835265
"698" -61.955894470215 -8.10970782392162 0.265594677460255
"699" -58.955894470215 -9.10970782306581 0.29204575416324
"700" -59.955894470215 -8.10970782392161 0.283027636056847
"701" -58.955894470215 -8.10970782392162 0.29204575416324
"702" -59.955894470215 -7.10970782483165 0.285957002404963
"703" -58.955894470215 -7.10970782483164 0.290130985479857
"704" -59.955894470215 -6.10970782579053 0.285957002404963
"705" -58.955894470215 -6.10970782579053 0.285957002404963
"706" -57.955894470215 -6.10970782579053 0.297856262034389
"707" -59.955894470215 -5.1097078267924 0.285957002404963
"708" -58.955894470215 -5.10970782679239 0.285957002404963
"709" -60.955894470215 -8.10970782392162 0.265594677460255
"710" -62.955894470215 -7.10970782483165 0.270852878321283
"711" -61.955894470215 -7.10970782483165 0.269343942541187
"712" -60.955894470215 -7.10970782483164 0.279233105988761
"713" -62.955894470215 -6.10970782579053 0.289647152787721
"714" -61.955894470215 -6.10970782579053 0.285957002404963
"715" -60.955894470215 -6.10970782579053 0.285957002404963
"716" -62.955894470215 -5.10970782679239 0.285957002404963
"717" -61.955894470215 -5.1097078267924 0.285957002404963
"718" -60.955894470215 -5.10970782679239 0.285957002404963
"719" -65.955894470215 -7.10970782483164 0.280015774467014
"720" -64.955894470215 -7.10970782483165 0.282742787157856
"721" -63.955894470215 -7.10970782483164 0.270852878321283
"722" -65.955894470215 -6.10970782579053 0.280015774467014
"723" -64.955894470215 -6.10970782579052 0.289647152787721
"724" -63.955894470215 -6.10970782579052 0.289647152787721
"725" -65.955894470215 -5.1097078267924 0.285957002264809
"726" -64.955894470215 -5.10970782679239 0.285957002264809
"727" -63.955894470215 -5.1097078267924 0.289647152787721
"728" -65.955894470215 -4.10970782783091 0.285957002264809
"729" -57.955894470215 -5.1097078267924 0.285957002404963
"730" -59.955894470215 -4.10970782783091 0.285957002404963
"731" -58.955894470215 -4.10970782783091 0.285957002404963
"732" -57.955894470215 -4.10970782783091 0.285957002404963
"733" -59.955894470215 -3.10970782889939 0.285957002404963
"734" -58.955894470215 -3.10970782889939 0.285957002404963
"735" -57.955894470215 -3.10970782889939 0.285957002404963
"736" -59.955894470215 -2.10970782999081 0.289649033966699
"737" -58.955894470215 -2.10970782999082 0.289649033966699
"738" -57.955894470215 -2.10970782999082 0.285957002404963
"739" -64.955894470215 -4.10970782783091 0.285957002264809
"740" -63.955894470215 -4.10970782783091 0.285957002404963
"741" -65.955894470215 -3.10970782889939 0.297856261878663
"742" -64.955894470215 -3.10970782889939 0.293345200586811
"743" -63.955894470215 -3.10970782889939 0.285957002404963
"744" -65.955894470215 -2.10970782999082 0.293345200586811
"745" -64.955894470215 -2.10970782999082 0.293345200586811
"746" -63.955894470215 -2.10970782999082 0.297856261983824
"747" -65.955894470215 -1.10970783109795 0.297856261983824
"748" -64.955894470215 -1.10970783109795 0.297856261983824
"749" -62.955894470215 -4.10970782783091 0.285957002404963
"750" -61.955894470215 -4.10970782783091 0.285957002404963
"751" -60.955894470215 -4.10970782783091 0.285957002404963
"752" -62.955894470215 -3.10970782889939 0.285957002404963
"753" -61.955894470215 -3.10970782889939 0.285957002404963
"754" -60.955894470215 -3.10970782889939 0.285957002404963
"755" -62.955894470215 -2.10970782999082 0.297856261983824
"756" -61.955894470215 -2.10970782999082 0.297856261983824
"757" -60.955894470215 -2.10970782999082 0.285957002359454
"758" -62.955894470215 -1.10970783109795 0.279462147977793
"759" -59.955894470215 -1.10970783109795 0.282432529098186
"760" -58.955894470215 -1.10970783109794 0.282432529098186
"761" -57.955894470215 -1.10970783109795 0.303497204995021
"762" -59.955894470215 -0.109707832213414 0.282432529098186
"763" -58.955894470215 -0.109707832213415 0.282432529098186
"764" -57.955894470215 -0.109707832213414 0.282432529098186
"765" -57.955894470215 0.890292166670285 0.276249625882971
"766" -58.9710312410154 0.851592308841314 0.282432529098186
"767" -59.955894470215 0.890292166670282 0.282432529098186
"768" -61.955894470215 -1.10970783109795 0.279462147977793
"769" -60.955894470215 -1.10970783109795 0.279462147977793
"770" -62.955894470215 -0.109707832213414 0.279462147977793
"771" -61.955894470215 -0.109707832213415 0.279462147977793
"772" -60.955894470215 -0.109707832213414 0.279462147977793
"773" -60.955894470215 0.890292166670286 0.279462147977793
"774" -61.955894470215 0.890292166670281 0.279462147977793
"775" -62.955894470215 0.890292166670284 0.279462147977793
"776" -60.955894470215 1.89029216556066 0.263778085203963
"777" -61.955894470215 1.89029216556067 0.267703047772865
"778" -63.955894470215 -1.10970783109795 0.297856261983824
"779" -65.955894470215 -0.10970783221341 0.268433194818286
"780" -64.955894470215 -0.109707832213415 0.279363972454422
"781" -63.955894470215 -0.109707832213419 0.279462147977793
"782" -63.9557653500679 0.890129044814437 0.267864415129963
"783" -64.8778265184888 0.783887603186214 0.268433194818286
"784" -65.9193055340845 0.63472491829439 0.268433194818286
"785" -63.7723108921817 1.7002495597158 0.267438292578043
"786" -50.9560056857047 -1.11158519158053 0.305487931996006
"787" -51.955894470215 -0.109707832213415 0.261147674585152
"788" -51.1043756502816 -0.0817199933555325 0.318150358621594
"789" -50.9639195024814 0.897863388460431 0.267291866179954
"790" -51.955894470215 0.890292166670287 0.267291866179954
"791" -50.9963524323368 1.85983419874316 0.254271886129247
"792" -51.955894470215 1.89029216556066 0.254271886129247
"793" -51.1788013200775 2.83853737365027 0.254271886129247
"794" -51.9207465068285 2.86303552981129 0.254271886129247
"795" -55.955894470215 -0.109707832213414 0.282432529098186
"796" -54.955894470215 -0.109707832213413 0.282432529098186
"797" -55.955894470215 0.890292166670283 0.276249625882971
"798" -56.955894470215 0.890292166670285 0.276249625882971
"799" -55.8794897333292 1.82338437483885 0.26478257314121
"800" -56.963114391864 1.66332941381254 0.26478257314121
"801" -54.955894470215 0.890292166670284 0.282432529098186
"802" -52.9417412114804 1.84190492803847 0.254271886129247
"803" -53.9370383030654 1.82076759303574 0.269200480760727
"804" -54.9642748399085 1.88070683763401 0.26478257314121
"805" -51.689311629284 3.73062086908791 0.254271886129247
"806" -60.0413151236191 1.84492688835922 0.263778085203963
"807" -60.1917010061026 2.90474110857084 0.263778085203963
"808" -60.068244057237 3.90758413687481 0.264901479974483
"809" -62.9461687608897 1.8822585871658 0.279462147977793
"810" -60.955894470215 2.89029216446513 0.263778085203963
"811" -61.955894470215 2.89029216446513 0.263778085203963
"812" -62.9537211276156 2.89246225771568 0.267260788485236
"813" -60.955894470215 3.89029216339101 0.264901479974483
"814" -61.9356190062317 3.79153495394503 0.264299466584926
"815" -62.9471423750013 3.66851975938015 0.264299466584926
"816" -60.735183254195 4.66918962920001 0.255301881914844
"817" -63.7777428858995 2.94507570426633 0.280087805634948
"818" -63.9319046512552 3.75174379694303 0.280087805634948
"819" -60.2219690800165 4.78902767299773 0.256503578967295
"820" -48.0850693755736 -24.9099761751841 0.392771758203043
"821" -47.955894470215 -24.1097078184957 0.392843928512281
"822" -47.035743565324 -24.0013077593922 0.393829417682526
"823" -47.955894470215 -23.1097078183186 0.345198710355579
"824" -46.955894470215 -23.1097078183186 0.380175099199735
"825" -45.955894470215 -23.1097078183186 0.380175099199735
"826" -47.955894470215 -22.109707818201 0.331588362507177
"827" -48.955894470215 -23.1097078183186 0.336019804424372
"828" -49.955894470215 -22.109707818201 0.347601519255103
"829" -48.955894470215 -22.109707818201 0.356048307284277
"830" -49.955894470215 -21.1097078181466 0.354072816045268
"831" -48.955894470215 -21.1097078181466 0.364131273769606
"832" -47.955894470215 -21.1097078181466 0.351232929754285
"833" -49.955894470215 -20.1097078181588 0.341011660655072
"834" -48.955894470215 -20.1097078181588 0.351009220102914
"835" -47.955894470215 -20.1097078181588 0.339709460528101
"836" -49.955894470215 -19.1097078182403 0.337562788659001
"837" -46.955894470215 -22.109707818201 0.3290323119205
"838" -45.955894470215 -22.109707818201 0.367269582205229
"839" -46.955894470215 -21.1097078181466 0.354979011475128
"840" -45.955894470215 -21.1097078181466 0.346125494415313
"841" -44.955894470215 -21.1097078181466 0.326646951317469
"842" -46.955894470215 -20.1097078181588 0.332138659464059
"843" -45.955894470215 -20.1097078181588 0.344801378979835
"844" -44.955894470215 -20.1097078181588 0.325495546598541
"845" -46.955894470215 -19.1097078182403 0.332864687715768
"846" -45.955894470215 -19.1097078182403 0.325676281082241
"847" -51.955894470215 -22.109707818201 0.383913568618445
"848" -50.955894470215 -22.109707818201 0.353815833066901
"849" -52.955894470215 -21.1097078181466 0.351958943463333
"850" -51.955894470215 -21.1097078181466 0.365411783950812
"851" -50.955894470215 -21.1097078181466 0.354072816045268
"852" -51.955894470215 -20.1097078181588 0.362752119172975
"853" -50.955894470215 -20.1097078181588 0.345903037960051
"854" -51.955894470215 -19.1097078182403 0.322345798363424
"855" -50.955894470215 -19.1097078182403 0.322345798363424
"856" -51.955894470215 -18.1097078183936 0.322345798363424
"857" -48.955894470215 -19.1097078182403 0.334531706615621
"858" -47.955894470215 -19.1097078182403 0.334531706615621
"859" -48.955894470215 -18.1097078183936 0.339702159639073
"860" -47.955894470215 -18.1097078183936 0.330074130475159
"861" -46.955894470215 -18.1097078183936 0.330074130475159
"862" -48.955894470215 -17.1097078186202 0.339469606751598
"863" -47.955894470215 -17.1097078186202 0.339469606751598
"864" -46.955894470215 -17.1097078186202 0.339725056298164
"865" -48.955894470215 -16.1097078189213 0.342891283226536
"866" -47.955894470215 -16.1097078189213 0.351862080602943
"867" -44.955894470215 -19.1097078182403 0.327367175215094
"868" -45.955894470215 -18.1097078183936 0.339725056298164
"869" -44.955894470215 -18.1097078183936 0.346026514876995
"870" -45.955894470215 -17.1097078186202 0.339725056298164
"871" -44.955894470215 -17.1097078186202 0.356012502814553
"872" -43.955894470215 -17.1097078186202 0.369255201224993
"873" -45.955894470215 -16.1097078189213 0.362799307133257
"874" -44.955894470215 -16.1097078189213 0.362799307133257
"875" -43.955894470215 -16.1097078189213 0.331906594871076
"876" -45.955894470215 -15.1097078192973 0.347004821046913
"877" -50.955894470215 -18.1097078183936 0.322345798363424
"878" -49.955894470215 -18.1097078183936 0.337562788659001
"879" -51.955894470215 -17.1097078186202 0.319534330149058
"880" -50.955894470215 -17.1097078186202 0.324729788852016
"881" -49.955894470215 -17.1097078186202 0.337602638356182
"882" -50.955894470215 -16.1097078189213 0.32777856628739
"883" -49.955894470215 -16.1097078189213 0.34038067917689
"884" -50.955894470215 -15.1097078192973 0.333607740607133
"885" -49.955894470215 -15.1097078192973 0.336710707898048
"886" -50.955894470215 -14.109707819748 0.333607740607133
"887" -46.955894470215 -16.1097078189213 0.362799307133257
"888" -48.955894470215 -15.1097078192973 0.339293772399519
"889" -47.955894470215 -15.1097078192973 0.360774078129827
"890" -46.955894470215 -15.1097078192973 0.347004821046913
"891" -47.955894470215 -14.109707819748 0.349683647069787
"892" -46.955894470215 -14.109707819748 0.347004821046913
"893" -47.955894470215 -13.1097078202725 0.343725280843884
"894" -46.955894470215 -13.1097078202725 0.343125456187579
"895" -47.955894470215 -12.1097078208691 0.362968650022282
"896" -46.955894470215 -12.1097078208691 0.356690164462044
"897" -44.955894470215 -15.1097078192973 0.347004821046913
"898" -43.955894470215 -15.1097078192973 0.337728530480677
"899" -45.955894470215 -14.109707819748 0.347004821046913
"900" -44.955894470215 -14.109707819748 0.347004821046913
"901" -43.955894470215 -14.109707819748 0.366749380625602
"902" -45.955894470215 -13.1097078202725 0.343125456187579
"903" -44.955894470215 -13.1097078202725 0.343125456187579
"904" -43.955894470215 -13.1097078202725 0.366749380625602
"905" -44.955894470215 -12.1097078208691 0.356690164462044
"906" -43.955894470215 -12.1097078208691 0.374014250379028
"907" -49.955894470215 -14.109707819748 0.324693638325741
"908" -48.955894470215 -14.109707819748 0.347320639332137
"909" -50.955894470215 -13.1097078202725 0.322063812595942
"910" -49.955894470215 -13.1097078202725 0.324693638325741
"911" -48.955894470215 -13.1097078202725 0.347320639332137
"912" -50.955894470215 -12.1097078208691 0.327747759852067
"913" -49.955894470215 -12.1097078208691 0.338236263234078
"914" -48.955894470215 -12.1097078208691 0.362968650022282
"915" -49.955894470215 -11.1097078215356 0.350719768725288
"916" -48.955894470215 -11.1097078215356 0.362968650022282
"917" -41.114393388379 -21.0264035903078 0.391414578730675
"918" -40.955894470215 -20.1097078181588 0.384718957834576
"919" -40.955894470215 -19.1097078182403 0.391342094103446
"920" -40.0914256817158 -19.1116597970538 0.333932460839743
"921" -43.955894470215 -19.1097078182403 0.328886423413756
"922" -42.955894470215 -19.1097078182403 0.370697135056988
"923" -41.955894470215 -19.1097078182403 0.377532302067826
"924" -43.955894470215 -18.1097078183936 0.336658443636052
"925" -42.955894470215 -18.1097078183936 0.354208994314011
"926" -41.955894470215 -18.1097078183936 0.372130587043965
"927" -42.955894470215 -17.1097078186202 0.363148542925747
"928" -41.955894470215 -17.1097078186202 0.364419983315427
"929" -42.955894470215 -16.1097078189213 0.355216076506938
"930" -41.955894470215 -16.1097078189213 0.355364167341306
"931" -40.955894470215 -18.1097078183936 0.364218188442319
"932" -40.0062955806531 -18.0764371727208 0.366916646249198
"933" -40.955894470215 -17.1097078186202 0.37606940403965
"934" -39.955894470215 -17.1097078186202 0.386587004183527
"935" -39.955894470215 -16.1097078189213 0.386587004183527
"936" -39.2066743481329 -16.0724774034567 0.386587004183527
"937" -39.955894470215 -15.1097078192973 0.397347247611094
"938" -40.955894470215 -16.1097078189213 0.366538872807165
"939" -42.955894470215 -15.1097078192973 0.361313496223249
"940" -41.955894470215 -15.1097078192973 0.355216076506938
"941" -40.955894470215 -15.1097078192973 0.35549996345142
"942" -42.955894470215 -14.109707819748 0.326139951739762
"943" -41.955894470215 -14.109707819748 0.372026246696425
"944" -40.955894470215 -14.109707819748 0.375703668943003
"945" -42.955894470215 -13.1097078202725 0.337278159378824
"946" -41.955894470215 -13.1097078202725 0.372026246696425
"947" -40.955894470215 -13.1097078202725 0.364947310892448
"948" -39.2304856750855 -15.1295934228305 0.386587004183527
"949" -39.955894470215 -14.109707819748 0.366633660349339
"950" -39.2177408593946 -14.0951542010888 0.386587004183527
"951" -39.955894470215 -13.1097078202725 0.366134608397863
"952" -39.0966693270003 -13.0562083793001 0.367527825950792
"953" -39.955894470215 -12.1097078208691 0.36861095083943
"954" -38.955894470215 -12.1097078208691 0.354977077734696
"955" -38.0652577930152 -12.0428716190583 0.370864070613358
"956" -39.955894470215 -11.1097078215356 0.376938934923947
"957" -38.955894470215 -11.1097078215356 0.36861095083943
"958" -37.955894470215 -11.1097078215356 0.354977077734696
"959" -39.955894470215 -10.1097078222691 0.371179352540002
"960" -38.955894470215 -10.1097078222691 0.376938934923947
"961" -37.955894470215 -10.1097078222691 0.354977077734696
"962" -39.955894470215 -9.10970782306582 0.371179352540002
"963" -38.955894470215 -9.10970782306582 0.362715518592124
"964" -37.955894470215 -9.10970782306581 0.349230226780726
"965" -37.2198169093786 -10.9300786051911 0.370864070613358
"966" -36.9604870219825 -10.1046038448297 0.354977077734696
"967" -36.1985109773963 -9.91787773181582 0.370864070613358
"968" -36.955894470215 -9.10970782306582 0.349230226780726
"969" -45.955894470215 -12.1097078208691 0.356690164462044
"970" -47.955894470215 -11.1097078215356 0.362968650022282
"971" -46.955894470215 -11.1097078215356 0.356690164462044
"972" -45.955894470215 -11.1097078215356 0.380806168234594
"973" -47.955894470215 -10.1097078222691 0.362968650022282
"974" -46.955894470215 -10.1097078222691 0.380806168234594
"975" -45.955894470215 -10.1097078222691 0.380806168234594
"976" -47.955894470215 -9.10970782306581 0.364467562744125
"977" -46.955894470215 -9.10970782306581 0.380806168234594
"978" -45.955894470215 -9.10970782306581 0.380806168234594
"979" -44.955894470215 -11.1097078215356 0.380806168234594
"980" -43.955894470215 -11.1097078215356 0.406418272089486
"981" -42.955894470215 -11.1097078215356 0.390464757097457
"982" -44.955894470215 -10.1097078222691 0.380806168234594
"983" -43.955894470215 -10.1097078222691 0.406418272089486
"984" -42.955894470215 -10.1097078222691 0.435082410915137
"985" -44.955894470215 -9.10970782306581 0.380806168234594
"986" -43.955894470215 -9.10970782306582 0.380806168234594
"987" -42.955894470215 -9.10970782306581 0.435082410915137
"988" -44.955894470215 -8.10970782392162 0.380806168234594
"989" -49.955894470215 -10.1097078222691 0.340090690577135
"990" -48.955894470215 -10.1097078222691 0.362968650022282
"991" -49.955894470215 -9.10970782306582 0.348145519542177
"992" -48.955894470215 -9.10970782306582 0.348504870687727
"993" -49.955894470215 -8.10970782392162 0.348145519542177
"994" -48.955894470215 -8.10970782392162 0.375375795085264
"995" -49.955894470215 -7.10970782483164 0.338251880452273
"996" -48.955894470215 -7.10970782483165 0.3484105115579
"997" -49.955894470215 -6.10970782579053 0.338251880452273
"998" -48.955894470215 -6.10970782579053 0.356288700255921
"999" -47.955894470215 -8.10970782392162 0.383182394772773
"1000" -46.955894470215 -8.10970782392162 0.377248481229979
"1001" -45.955894470215 -8.10970782392162 0.380806168234594
"1002" -47.955894470215 -7.10970782483164 0.367546870199613
"1003" -46.955894470215 -7.10970782483165 0.377248481229979
"1004" -45.955894470215 -7.10970782483164 0.377248481229979
"1005" -46.955894470215 -6.10970782579053 0.357704075513529
"1006" -45.955894470215 -6.10970782579053 0.405744069377677
"1007" -46.955894470215 -5.10970782679239 0.357704075513529
"1008" -45.955894470215 -5.10970782679239 0.357704075513529
"1009" -43.955894470215 -8.10970782392161 0.380806168234594
"1010" -42.955894470215 -8.10970782392162 0.43054547250495
"1011" -44.955894470215 -7.10970782483164 0.384284220674618
"1012" -43.955894470215 -7.10970782483165 0.402788721452164
"1013" -42.955894470215 -7.10970782483165 0.402788721452164
"1014" -44.955894470215 -6.10970782579053 0.402788721452164
"1015" -43.955894470215 -6.10970782579052 0.402788721452164
"1016" -42.955894470215 -6.10970782579053 0.402788721452164
"1017" -44.955894470215 -5.10970782679239 0.377248481343514
"1018" -43.955894470215 -5.1097078267924 0.402788721452164
"1019" -47.955894470215 -6.10970782579053 0.3484105115579
"1020" -49.955894470215 -5.1097078267924 0.338251880452273
"1021" -48.955894470215 -5.10970782679239 0.356288700255921
"1022" -47.955894470215 -5.1097078267924 0.3484105115579
"1023" -49.955894470215 -4.10970782783091 0.32054207881759
"1024" -48.955894470215 -4.10970782783091 0.334110570941446
"1025" -47.955894470215 -4.10970782783091 0.356288700255921
"1026" -49.955894470215 -3.10970782889939 0.32054207881759
"1027" -48.955894470215 -3.10970782889939 0.334110570941446
"1028" -47.955894470215 -3.10970782889939 0.334110570941446
"1029" -42.955894470215 -5.10970782679239 0.402788721452164
"1030" -44.955894470215 -4.10970782783091 0.377248481343514
"1031" -43.955894470215 -4.10970782783091 0.377248481343514
"1032" -42.955894470215 -4.10970782783091 0.402788721452164
"1033" -44.9965249018874 -3.13317266299455 0.344515603859028
"1034" -43.9400734267312 -3.1295600485009 0.377248481343514
"1035" -42.9616948835662 -3.11613556002846 0.377248481343514
"1036" -45.0037712290187 -2.14042772293326 0.357704075513529
"1037" -46.955894470215 -4.10970782783091 0.357704075513529
"1038" -45.955894470215 -4.10970782783091 0.357704075513529
"1039" -46.955894470215 -3.10970782889939 0.323709502655374
"1040" -45.955894470215 -3.10970782889939 0.357704075513529
"1041" -46.955894470215 -2.10970782999082 0.323709502655374
"1042" -45.955894470215 -2.10970782999082 0.366874826899631
"1043" -46.9960069171747 -1.18717095950111 0.323709502655374
"1044" -46.0392520141185 -1.36711085358358 0.366874826899631
"1045" -49.9547278513396 -2.13520989069899 0.32054207881759
"1046" -48.9204091717825 -2.15144359088615 0.334110570941446
"1047" -47.955894470215 -2.10970782999082 0.334110570941446
"1048" -49.955894470215 -1.10970783109795 0.296830923290697
"1049" -49.055625957902 -1.0419138797059 0.334110570941446
"1050" -47.9058594183608 -1.16175663693066 0.334110570941446
"1051" -49.9888035638126 -0.386955346557325 0.329945493821022
"1052" -48.976007043274 -0.399500379606539 0.3484105115579
"1053" -42.955894470215 -12.1097078208691 0.337278159378824
"1054" -41.955894470215 -12.1097078208691 0.372026246696425
"1055" -40.955894470215 -12.1097078208691 0.372026246696425
"1056" -41.955894470215 -11.1097078215356 0.382863138784196
"1057" -40.955894470215 -11.1097078215356 0.382863138784196
"1058" -41.955894470215 -10.1097078222691 0.345936000942918
"1059" -40.955894470215 -10.1097078222691 0.371179352540002
"1060" -41.955894470215 -9.10970782306582 0.48981208035322
"1061" -40.955894470215 -9.10970782306582 0.371179352540002
"1062" -41.955894470215 -8.10970782392162 0.440299489575171
"1063" -35.9672534312615 -9.0985864406704 0.349230226780726
"1064" -36.955894470215 -8.10970782392162 0.349230226780726
"1065" -35.955894470215 -8.10970782392162 0.349230226780726
"1066" -35.1711282215657 -8.07681071743219 0.349230226780726
"1067" -35.955894470215 -7.10970782483164 0.349230226780726
"1068" -35.1496835753275 -7.13109174622081 0.349230226780726
"1069" -35.955894470215 -6.10970782579053 0.34634927546664
"1070" -35.2631665910554 -6.17584311400749 0.362953835276125
"1071" -35.9645007287983 -5.34955824834868 0.338146787720365
"1072" -40.955894470215 -8.10970782392161 0.414478280063674
"1073" -39.955894470215 -8.10970782392162 0.343953966045047
"1074" -41.955894470215 -7.10970782483164 0.402788721452164
"1075" -40.955894470215 -7.10970782483165 0.414478280063674
"1076" -39.955894470215 -7.10970782483165 0.414478280063674
"1077" -41.955894470215 -6.10970782579053 0.402788721452164
"1078" -40.955894470215 -6.10970782579053 0.387522841546418
"1079" -39.955894470215 -6.10970782579053 0.387522841546418
"1080" -41.955894470215 -5.10970782679239 0.402788721452164
"1081" -40.955894470215 -5.1097078267924 0.387522841546418
"1082" -38.955894470215 -8.10970782392162 0.36125214812763
"1083" -37.955894470215 -8.10970782392162 0.339027966964819
"1084" -38.955894470215 -7.10970782483164 0.343953966045047
"1085" -37.955894470215 -7.10970782483164 0.340723929019181
"1086" -36.955894470215 -7.10970782483164 0.349230226780726
"1087" -38.955894470215 -6.10970782579053 0.414478280063674
"1088" -37.955894470215 -6.10970782579053 0.338146787720365
"1089" -36.955894470215 -6.10970782579052 0.351200638757399
"1090" -38.955894470215 -5.10970782679239 0.387522841546418
"1091" -37.9574156292156 -5.1114449929955 0.391860429607901
"1092" -39.955894470215 -5.10970782679239 0.387522841546418
"1093" -41.955894470215 -4.10970782783091 0.372924022753253
"1094" -40.955894470215 -4.10970782783091 0.372924022753253
"1095" -39.955894470215 -4.10970782783091 0.372924022753253
"1096" -41.9743828888579 -3.19103822122903 0.372924022753253
"1097" -40.9430731914725 -3.24161133283284 0.372924022753253
"1098" -39.9959907963873 -3.25229364467397 0.372924022753253
"1099" -37.0107482708844 -5.25897186329628 0.338146787720365
"1100" -38.964448827016 -4.11983157029452 0.387522841546418
"1101" -38.1719442048848 -4.33484904715212 0.364037473478348
"1102" -50.23239675901 1.12851557169563 0.267291866179954
"1103" -66.955894470215 -7.10970782483165 0.280015774467014
"1104" -68.955894470215 -6.10970782579053 0.290402771433507
"1105" -67.955894470215 -6.10970782579053 0.290402771433507
"1106" -66.955894470215 -6.10970782579053 0.280015774467014
"1107" -68.955894470215 -5.1097078267924 0.290590964068507
"1108" -67.955894470215 -5.10970782679239 0.280015774467014
"1109" -66.955894470215 -5.10970782679239 0.285957002264809
"1110" -68.955894470215 -4.10970782783091 0.290130985339704
"1111" -67.955894470215 -4.10970782783091 0.297856261878663
"1112" -66.955894470215 -4.10970782783091 0.297856261878663
"1113" -71.955894470215 -6.10970782579053 0.290825409893765
"1114" -70.955894470215 -6.10970782579053 0.290402771433507
"1115" -69.955894470215 -6.10970782579052 0.290402771433507
"1116" -71.9303108840562 -5.1398772666946 0.290402771433507
"1117" -70.955894470215 -5.10970782679239 0.290402771433507
"1118" -69.955894470215 -5.1097078267924 0.290402771433507
"1119" -70.8546641904334 -4.43757059206099 0.280015774467014
"1120" -69.8368142465514 -4.21879918026551 0.290130985339704
"1121" -68.955894470215 -3.10970782889939 0.290130985339704
"1122" -67.955894470215 -3.10970782889939 0.297856261878663
"1123" -66.955894470215 -3.10970782889939 0.297856261878663
"1124" -68.955894470215 -2.10970782999081 0.30797885684421
"1125" -67.955894470215 -2.10970782999082 0.297856261878663
"1126" -66.955894470215 -2.10970782999082 0.297856261878663
"1127" -68.9421914303462 -1.10558146142704 0.30797885684421
"1128" -67.955894470215 -1.10970783109795 0.307976438320732
"1129" -66.955894470215 -1.10970783109794 0.301072589650658
"1130" -68.955894470215 -0.109707832213411 0.307976438320732
"1131" -67.955894470215 -0.10970783221341 0.280277315458752
"1132" -66.955894470215 -0.109707832213423 0.280277315458752
"1133" -67.0101756382649 0.814494632415334 0.280087805634948
"1134" -67.955894470215 0.890292166670287 0.280277315458752
"1135" -68.9107531623264 0.898041332771683 0.307976438320732
"1136" -67.8989987084346 1.65248316785805 0.280087805634948
"1137" -68.9553648596641 1.559164231518 0.307976438320732
"1138" -69.7247839981228 -0.0269830757094392 0.307976438320732
"1139" -73.5565393909548 -52.3531468317362 0.368547549442873
"1140" -72.9314489228356 -52.3176439489651 0.332934559637064
"1141" -72.8773608685537 -53.8156475918083 0.369409308282443
"1142" -71.9191176836902 -54.0687861866044 0.340728391112401
"1143" -72.7306461281129 -53.1291463073646 0.369409308282443
"1144" -71.8976917410297 -53.4143982726512 0.340728391112401
"1145" -71.1019885175033 -53.0777396056708 0.340728391112401
"1146" -69.9105339252702 -53.0858883528689 0.365808361492169
"1147" -72.0067960292822 -52.1891226298679 0.316505392482573
"1148" -74.6720202767797 -49.8208473057837 0.405241456172172
"1149" -74.8167241244614 -49.22124471653 0.315324719995451
"1150" -73.8917270362973 -47.1140599230692 0.306408346507088
"1151" -74.6525552215052 -50.9377818597701 0.405241456172172
"1152" -73.7258335408964 -51.0752712189303 0.368547549442873
"1153" -72.9532327106257 -51.1182025287488 0.332934559637064
"1154" -73.9106114392978 -50.1080863950858 0.355207415645673
"1155" -70.9535381778881 -52.3047988132151 0.317481306169376
"1156" -70.0172726805722 -52.2935812990372 0.35846403760138
"1157" -73.9102272167826 -49.0665498130218 0.314546725063997
"1158" -73.0722812198642 -48.8317371156441 0.294572348377022
"1159" -75.2848107552664 -48.3539074844008 0.315324719995451
"1160" -73.9093056307138 -48.3172594709536 0.314546725063997
"1161" -72.9611935528915 -48.1038263185765 0.294572348377022
"1162" -72.955894470215 -47.1097078283931 0.277557033608712
"1163" -72.177334860238 -46.998725118117 0.277557033608712
"1164" -74.8255959680519 -46.2797230351485 0.370837489160197
"1165" -74.0584181022887 -46.2851415368469 0.325690259078598
"1166" -72.9480107325367 -46.1155812600085 0.295628432463906
"1167" -72.0842890229199 -46.1134169604616 0.291185427036232
"1168" -73.927841436461 -45.1267064422029 0.313486745735705
"1169" -72.8724721407369 -45.1979256208356 0.295628432463906
"1170" -71.9991382586905 -45.1279527347883 0.291185427036232
"1171" -72.7530628342211 -44.0576601911681 0.284337005140315
"1172" -72.0565046535137 -44.1261548189692 0.298385026754377
"1173" -73.9321875450343 -43.0118221127111 0.292583247230566
"1174" -72.6951571791756 -43.1675225016561 0.288839110355324
"1175" -72.1808574607114 -43.1783268633241 0.314344283997285
"1176" -73.8223799848146 -42.2092737100821 0.288839110355324
"1177" -72.6284691365862 -42.4207874162492 0.288839110355324
"1178" -72.150969967365 -42.0479860149049 0.308239641469737
"1179" -73.6600454114317 -41.1005596147067 0.313486745735705
"1180" -72.9577621387674 -41.0940157456275 0.284337005140315
"1181" -72.9456103053454 -40.1178666138888 0.28112121561259
"1182" -72.1599731443651 -41.1134535224039 0.295628432463906
"1183" -72.086794876837 -40.0905401221214 0.291185427036232
"1184" -72.8879814673418 -39.0853453009608 0.29199899601824
"1185" -71.9589931947822 -39.1061062326867 0.292769660334286
"1186" -72.95490054496 -38.1097022714685 0.29199899601824
"1187" -71.955894470215 -38.1097078245652 0.296577383066489
"1188" -71.2400501610074 -38.1787164381463 0.298385026754377
"1189" -71.955894470215 -37.1097078240573 0.296577383066489
"1190" -71.294164817736 -37.0929325903094 0.308239641469737
"1191" -71.0098324212307 -36.0445937950961 0.302338443656442
"1192" -72.8743113093015 -37.1624809081443 0.29199899601824
"1193" -72.6392198998961 -36.2178254469667 0.30895740054898
"1194" -71.955894470215 -36.1097078235428 0.296577383066489
"1195" -71.8779575491206 -35.1612409895742 0.342461977690137
"1196" -70.9605679187824 -35.1079512998526 0.347185603284955
"1197" -71.7011981012517 -34.1879415699061 0.378373058229681
"1198" -70.955894470215 -34.10970782251 0.332706325317607
"1199" -70.1829278087243 -34.0611376712739 0.315320441973051
"1200" -70.9552902907251 -33.1101303435699 0.324004009686445
"1201" -70.2007739607195 -33.1800867208267 0.327357785161952
"1202" -70.9555041468272 -32.1107615566525 0.356659504932081
"1203" -70.9734646730562 -31.098502511916 0.356659504932081
"1204" -69.9493936953848 -54.7234658482385 0.456847406486983
"1205" -68.8568652552928 -55.1798831750601 0.399206502808017
"1206" -67.8452629676119 -55.0613606550672 0.399206502808017
"1207" -70.6408341544974 -53.9373448046477 0.340728391112401
"1208" -69.754300172206 -53.9197071701218 0.365808361492169
"1209" -69.002592519111 -54.0717048539908 0.399206502808017
"1210" -69.0209586530178 -53.1166611799757 0.365808361492169
"1211" -69.8727580642448 -19.0936063282109 0.30005473613004
"1212" -69.774617819705 -18.2328967248699 0.378184729045157
"1213" -70.9234668347254 -30.1281629958362 0.356659504932081
"1214" -70.1897568204273 -30.065134409171 0.332848488326875
"1215" -70.9236740981476 -29.1052751365847 0.341128906533792
"1216" -70.1386646400239 -29.0573167751409 0.35458217526968
"1217" -70.8070946574404 -28.1439647567545 0.377455769020022
"1218" -69.977645532901 -28.0898284230705 0.35458217526968
"1219" -70.6639795153996 -27.1582111185281 0.488901595809065
"1220" -69.955894470215 -27.1097078193406 0.35458217526968
"1221" -69.0325905805283 -27.0369119181423 0.283269656658772
"1222" -69.955894470215 -26.1097078190113 0.321478579526195
"1223" -68.9764034297767 -26.0988606437028 0.283269656658772
"1224" -68.9882511215746 -25.1052195536652 0.321478579526195
"1225" -69.954412254869 -25.109464762919 0.350673969155136
"1226" -69.9530908736832 -24.1121211718246 0.350673969155136
"1227" -68.955876512961 -24.1097122260203 0.313232398336882
"1228" -68.0099611555485 -23.962586590297 0.275231939281441
"1229" -67.992725338829 -23.1561202571104 0.322854376970119
"1230" -69.9197530979068 -23.1286590760871 0.350673969334754
"1231" -68.955894470215 -23.1097078183186 0.327954568702926
"1232" -69.830527398674 -22.1263993327029 0.406010837274832
"1233" -68.955894470215 -22.109707818201 0.327954568702926
"1234" -68.211888052545 -22.1604090224008 0.315474044927032
"1235" -69.7932100124735 -21.091704076651 0.406010837274832
"1236" -68.9661924926391 -21.116967351259 0.31868788740375
"1237" -69.8054949057376 -20.112638333948 0.406010837274832
"1238" -69.04474736868 -20.1008902499921 0.307399385456822
"1239" -69.0708881840335 -19.1881050776977 0.296128246687063
"1240" -72.839479799641 -1.98393682123806 0.302204247476937
"1241" -73.8229827378713 -0.925558589464367 0.307151800389696
"1242" -72.955894470215 -1.10970783109795 0.307151800389696
"1243" -70.0147136571205 -3.15509488454874 0.290130985339704
"1244" -71.9923583427365 -1.97810351242891 0.297056936799817
"1245" -70.943717303146 -1.97564942736 0.297056936799817
"1246" -69.9929096392314 -2.08326584150495 0.297056936799817
"1247" -71.955894470215 -1.10970783109795 0.297056936799817
"1248" -70.955894470215 -1.10970783109795 0.297056936799817
"1249" -69.9717924749709 -1.12249603568337 0.297056936799817
"1250" -71.955894470215 -0.109707832213413 0.297056936799817
"1251" -70.955894470215 -0.109707832213415 0.292131579143644
"1252" -74.8882410065881 0.0805872782152234 0.307151800389696
"1253" -73.9531961535712 -0.107298635049388 0.307151800389696
"1254" -72.955894470215 -0.109707832213412 0.297056936799817
"1255" -72.955894470215 0.890292166670284 0.27430993342163
"1256" -73.955894470215 0.890292166670284 0.289728866600698
"1257" -74.955894470215 0.890292166670287 0.289728866600698
"1258" -75.9541325844837 0.892921010101463 0.259378260485554
"1259" -72.955894470215 1.89029216556066 0.27430993342163
"1260" -73.955894470215 1.89029216556066 0.285699966760162
"1261" -68.0072460692975 2.11363015057427 0.280087805634948
"1262" -68.9543992972344 2.05913750321375 0.283718773771079
"1263" -68.0019628880657 2.88683781595969 0.280087805634948
"1264" -70.1702786965849 -0.186444442252686 0.307976438320732
"1265" -70.0545111494677 0.901714186592781 0.307976438320732
"1266" -70.955894470215 0.890292166670284 0.297054820591774
"1267" -71.955894470215 0.890292166670283 0.292131579143644
"1268" -70.0049138688547 1.94272831136097 0.307976438320732
"1269" -70.955894470215 1.89029216556066 0.297054820591774
"1270" -71.955894470215 1.89029216556066 0.27430993342163
"1271" -69.955894470215 2.89029216446513 0.292046205966847
"1272" -70.955894470215 2.89029216446513 0.262797563492708
"1273" -71.955894470215 2.89029216446513 0.261792371899297
"1274" -74.955894470215 1.89029216556066 0.273700409145153
"1275" -75.955894470215 1.89029216556066 0.255988971964531
"1276" -72.955894470215 2.89029216446513 0.261792371899297
"1277" -73.955894470215 2.89029216446513 0.24764713377542
"1278" -74.955894470215 2.89029216446513 0.238396603967102
"1279" -75.955894470215 2.89029216446513 0.269959946002819
"1280" -72.955894470215 3.89029216339101 0.250267367610369
"1281" -73.955894470215 3.89029216339102 0.240717754855322
"1282" -74.955894470215 3.89029216339101 0.239053376105768
"1283" -75.955894470215 3.89029216339101 0.272371986483652
"1284" -76.9558901592613 0.890294145088534 0.335573504171917
"1285" -77.875152426141 1.09936840786129 0.345472332614417
"1286" -76.955894470215 1.89029216556066 0.289454541991316
"1287" -77.955894470215 1.89029216556066 0.313899706047491
"1288" -76.9545013328561 2.88906657447176 0.278234867189391
"1289" -77.8126337661637 2.64671106950833 0.293935722540186
"1290" -76.8902600451269 3.91099252385134 0.282275540518661
"1291" -76.904018736725 4.89634517590689 0.287193452009416
"1292" -76.9156306524785 5.89298388632482 0.260655619021263
"1293" -76.942690674636 6.90050120559292 0.238284593861316
"1294" -68.955894470215 2.89029216446513 0.268071821868163
"1295" -68.032127254877 3.84444750250868 0.266368913767271
"1296" -68.955894470215 3.89029216339101 0.254965180074322
"1297" -68.1408029816354 4.89359288756702 0.270135013435115
"1298" -68.955894470215 4.89029216234535 0.270135013435115
"1299" -67.9971334881804 5.83380233308454 0.270135013435115
"1300" -68.9497989189564 5.77382029915001 0.270135013435115
"1301" -69.955894470215 3.89029216339101 0.254965180074322
"1302" -70.955894470215 3.89029216339101 0.260137815843477
"1303" -71.955894470215 3.89029216339101 0.255445167079548
"1304" -69.955894470215 4.89029216234535 0.267602330689234
"1305" -70.955894470215 4.89029216234536 0.267602330689234
"1306" -71.955894470215 4.89029216234536 0.252124506765009
"1307" -69.9668645845239 5.87959557666644 0.267602330689234
"1308" -70.955894470215 5.89029216133488 0.27057705324823
"1309" -71.955894470215 5.89029216133488 0.266882185909151
"1310" -70.1411924818797 6.64649856463371 0.27057705324823
"1311" -72.955894470215 4.89029216234536 0.247345389085365
"1312" -73.955894470215 4.89029216234535 0.235528685210881
"1313" -74.955894470215 4.89029216234536 0.263322288918158
"1314" -75.955894470215 4.89029216234535 0.266148828633226
"1315" -72.955894470215 5.89029216133489 0.259299939026339
"1316" -73.955894470215 5.89029216133488 0.250245172546459
"1317" -74.955894470215 5.89029216133489 0.258209160679439
"1318" -75.955894470215 5.89029216133488 0.266148828633226
"1319" -73.955894470215 6.89029216036607 0.245965349553761
"1320" -74.955894470215 6.89029216036605 0.247892078632529
"1321" -70.9474896767149 6.71268265771142 0.27057705324823
"1322" -72.0060011334291 6.78354048733969 0.252014675625326
"1323" -72.955894470215 6.89029216036606 0.266572194182716
"1324" -72.9589719064375 7.89176781529985 0.237324794997755
"1325" -73.0728114642459 8.78777752036653 0.220701491254592
"1326" -75.955894470215 6.89029216036606 0.261485933379014
"1327" -73.955894470215 7.89029215944484 0.23368237270047
"1328" -74.955894470215 7.89029215944485 0.236642746017352
"1329" -75.955894470215 7.89029215944484 0.222752231835009
"1330" -73.955894470215 8.8902921585767 0.236602159375025
"1331" -74.955894470215 8.8902921585767 0.228970879146618
"1332" -75.9019590179865 8.84480363286088 0.228970879146618
"1333" -73.955894470215 9.89029215776662 0.221530116285259
"1334" -74.955894470215 9.89029215776661 0.228970879146618
"1335" -73.2189048765132 9.94996348534354 0.198356624702923
"1336" -73.0157158504833 10.9292739983858 0.198356624702923
"1337" -71.9316650847533 11.8975783462588 0.184305312294367
"1338" -73.9275246929396 10.8162985510193 0.186924397200381
"1339" -74.8894603775131 10.6759739065044 0.241048873014907
"1340" -76.9052378719563 7.82720590408749 0.221679753292046
"1341" -79.8764588542014 -4.04834916403861 0.331874707422474
"1342" -78.9986480240958 -4.0870287155119 0.321145907362542
"1343" -79.7253687320437 -3.19743075803825 0.31095055362446
"1344" -78.955894470215 -3.10970782889939 0.308989325320081
"1345" -78.0773384486731 -2.95065293732958 0.333929815160462
"1346" -78.955894470215 -2.10970782999082 0.307198602267482
"1347" -77.955894470215 -2.10970782999082 0.311214531670326
"1348" -76.9623279540185 -2.10272318693115 0.292642429551127
"1349" -78.955894470215 -1.10970783109795 0.295990616021068
"1350" -77.955894470215 -1.10970783109794 0.302821322736167
"1351" -76.1683362993565 -1.90901513734837 0.286513487012664
"1352" -75.9655206135118 -1.10070095976931 0.286513487012664
"1353" -76.0234828825643 -0.182199839208131 0.289584829618421
"1354" -79.9573663294889 -2.0843153263755 0.305612464314057
"1355" -79.9548956933953 -1.11078385429598 0.252323259942744
"1356" -79.8639630733141 -0.171776330492215 0.278105659123362
"1357" -79.7304142548179 0.662764743564594 0.275699061700958
"1358" -76.955894470215 -1.10970783109795 0.270115154764797
"1359" -78.955894470215 -0.109707832213416 0.316356135811461
"1360" -77.955894470215 -0.109707832213414 0.303030281538458
"1361" -76.9703464348021 -0.152888916971302 0.324039344333874
"1362" -78.0477951693661 0.648856555100484 0.330092989199641
"1363" -78.9269330177804 0.80538644524058 0.325216701334414
"1364" -52.973947458666 2.90528245618475 0.254271886129247
"1365" -53.8473145394322 2.85500141261606 0.269200480760727
"1366" -52.955894470215 3.89029216339101 0.254271886129247
"1367" -53.8479441578942 3.9480570356782 0.26478257314121
"1368" -52.1253662580034 3.96372315920846 0.254271886129247
"1369" -52.9880063866888 4.85656190774507 0.254271886129247
"1370" -53.9260371466659 4.8704400996678 0.26478257314121
"1371" -57.986819523143 1.99972262178111 0.26478257314121
"1372" -57.0791923419733 2.13684957810104 0.26478257314121
"1373" -58.1247046217878 6.59207068148616 0.26478257314121
"1374" -58.9458322900394 1.90266166689747 0.26478257314121
"1375" -57.9583165119769 2.88746831306643 0.26478257314121
"1376" -58.955894470215 2.89029216446513 0.26478257314121
"1377" -59.6970157041334 2.87448424358717 0.26478257314121
"1378" -58.1655345158588 3.82581588671503 0.26478257314121
"1379" -58.955894470215 3.89029216339101 0.26478257314121
"1380" -58.0573465413487 4.96300467094561 0.26478257314121
"1381" -58.955894470215 4.89029216234535 0.26478257314121
"1382" -59.8007709395963 4.94904683745498 0.256503578967295
"1383" -57.9597762586858 5.88614460508548 0.26478257314121
"1384" -58.955894470215 5.89029216133488 0.26478257314121
"1385" -59.955894470215 5.89029216133489 0.256503578967295
"1386" -58.9769328681636 6.89292541509672 0.26478257314121
"1387" -59.9416278053988 6.88478064054239 0.265915876814502
"1388" -59.1216300254948 7.69188121616306 0.26478257314121
"1389" -59.8852308877998 7.78475117129804 0.265351352829533
"1390" -60.8249806650058 5.91147407749358 0.255301881914844
"1391" -60.7828522453473 6.5912903052115 0.265351352829533
"1392" -57.9001415223323 -26.9805978520629 0.396767564084866
"1393" -56.9446375457603 -27.0526379157714 0.378678507837356
"1394" -55.990705147093 -26.9995222742436 0.399409226908383
"1395" -56.955894470215 -26.1097078190113 0.347326460143826
"1396" -55.955894470215 -26.1097078190113 0.379571945316506
"1397" -56.955894470215 -25.1097078187281 0.355846498750354
"1398" -55.955894470215 -25.1097078187281 0.397236924375347
"1399" -55.058652541594 -26.0927173625372 0.389180829577673
"1400" -61.9427714550133 -22.096613879295 0.432240550686635
"1401" -61.8857375129422 -21.1280304764442 0.432240550686635
"1402" -61.741994322521 -20.203681617683 0.404898539585631
"1403" -59.8982350459193 -23.8759681584954 0.453725472089842
"1404" -61.7410162523682 -22.9032270623793 0.48394188837273
"1405" -60.9419245570754 -23.0940042311593 0.451309297333761
"1406" -59.955894470215 -23.1097078183186 0.40827981252613
"1407" -57.7579757496623 -26.2041895976078 0.367788329589903
"1408" -57.8487269480038 -24.9214484385273 0.386482460845203
"1409" -58.9414397613547 -24.0945027219694 0.387539126237002
"1410" -57.955894470215 -24.1097078184957 0.373062347334738
"1411" -58.955894470215 -23.1097078183186 0.404434409701234
"1412" -57.955894470215 -23.1097078183186 0.370631670489017
"1413" -56.955894470215 -23.1097078183186 0.341629272305793
"1414" -58.0451715822458 -22.189358683236 0.361139983026703
"1415" -54.9751578136475 -25.0943406855976 0.38853458370419
"1416" -56.955894470215 -24.1097078184957 0.350849257800385
"1417" -55.9569492566496 -24.1109237371332 0.413960156247431
"1418" -54.9382596481952 -24.2629068397665 0.410641081942426
"1419" -56.0201852213559 -23.1248524554558 0.338390547322955
"1420" -60.955894470215 -22.109707818201 0.432240550686635
"1421" -59.955894470215 -22.109707818201 0.387958575802832
"1422" -58.955894470215 -22.109707818201 0.379119823161476
"1423" -60.955894470215 -21.1097078181466 0.404568201932409
"1424" -59.955894470215 -21.1097078181466 0.379119823161476
"1425" -58.955894470215 -21.1097078181466 0.397242042886044
"1426" -60.955894470215 -20.1097078181588 0.366926259571291
"1427" -59.955894470215 -20.1097078181588 0.380568768520004
"1428" -58.9571772403167 -20.1111440482661 0.382764541888666
"1429" -56.9448558016718 -22.4140701406136 0.334385424941324
"1430" -58.1736879889361 -21.1094701343393 0.380695278097292
"1431" -70.7793354122249 -17.8394505840751 0.439430341964615
"1432" -70.1301850556191 -17.9390516023989 0.378184729045157
"1433" -71.8433179647436 -16.8667071842457 0.405878231041771
"1434" -70.9457698123003 -17.1015804961149 0.393252645988985
"1435" -69.9709573870924 -17.1023122997825 0.423212372484273
"1436" -71.955894470215 -16.1097078189213 0.359956423894998
"1437" -70.955894470215 -16.1097078189213 0.419877319825057
"1438" -73.8523026998788 -15.8587999807115 0.353016335985257
"1439" -72.9216279255111 -16.0612976965537 0.374031519307371
"1440" -74.8952588449255 -15.0453167085863 0.389618315818908
"1441" -73.955894470215 -15.1097078192973 0.406526561743238
"1442" -72.955894470215 -15.1097078192973 0.39064250950516
"1443" -69.955894470215 -16.1097078189213 0.446491105746183
"1444" -70.955894470215 -15.1097078192973 0.416065224861505
"1445" -69.955894470215 -15.1097078192973 0.387128232475972
"1446" -70.955894470215 -14.109707819748 0.380909046009287
"1447" -69.955894470215 -14.109707819748 0.399705776851734
"1448" -69.2161629776523 -14.090500664254 0.372399388597684
"1449" -70.955894470215 -13.1097078202725 0.379495710394639
"1450" -69.955894470215 -13.1097078202725 0.39484342931403
"1451" -71.955894470215 -15.1097078192973 0.343254100160637
"1452" -73.955894470215 -14.109707819748 0.353245916650318
"1453" -72.955894470215 -14.109707819748 0.322094664660698
"1454" -71.955894470215 -14.109707819748 0.339258879252347
"1455" -73.955894470215 -13.1097078202725 0.349853743043914
"1456" -72.955894470215 -13.1097078202725 0.338247299037318
"1457" -71.955894470215 -13.1097078202725 0.337448958364373
"1458" -73.955894470215 -12.1097078208691 0.346007234028493
"1459" -72.955894470215 -12.1097078208691 0.321691714942351
"1460" -71.955894470215 -12.1097078208691 0.297364176962775
"1461" -75.8312738864128 -14.0715750654796 0.339280195452691
"1462" -74.955894470215 -14.109707819748 0.395784659572297
"1463" -75.9136323916738 -13.0770496205858 0.333923176062289
"1464" -74.955894470215 -13.1097078202725 0.34859660372349
"1465" -76.7645840782296 -12.0255408964733 0.346720612162141
"1466" -75.955894470215 -12.1097078208691 0.333776467823264
"1467" -74.955894470215 -12.1097078208691 0.321963889521131
"1468" -69.1857972004705 -13.0853616488333 0.362476719193235
"1469" -69.955894470215 -12.1097078208691 0.311251720916791
"1470" -69.1516427690937 -12.1806022016195 0.295394675569607
"1471" -69.943911004682 -11.299751998859 0.296384107414492
"1472" -70.955894470215 -12.1097078208691 0.280231585606594
"1473" -73.955894470215 -11.1097078215356 0.312137507153135
"1474" -72.955894470215 -11.1097078215356 0.318022386062166
"1475" -71.955894470215 -11.1097078215356 0.285586508402633
"1476" -70.9814550352381 -11.1298481991113 0.295697470114409
"1477" -72.955894470215 -10.1097078222691 0.289430344105284
"1478" -72.0071492386965 -10.2367188900809 0.295697470114409
"1479" -70.9868845460042 -10.1858379312382 0.295697470114409
"1480" -73.150144245137 -9.21565064970015 0.295697470114409
"1481" -76.9450149977422 -11.0991990255577 0.329256301881484
"1482" -75.955894470215 -11.1097078215356 0.318955438717614
"1483" -74.955894470215 -11.1097078215356 0.304242791201462
"1484" -76.955894470215 -10.1097078222691 0.366079640425224
"1485" -75.955894470215 -10.1097078222691 0.335464550507106
"1486" -74.955894470215 -10.1097078222691 0.299675055079162
"1487" -73.955894470215 -10.1097078222691 0.28666463385563
"1488" -76.955894470215 -9.10970782306581 0.349771559475387
"1489" -75.955894470215 -9.10970782306582 0.313486698019279
"1490" -74.955894470215 -9.10970782306582 0.294412004773275
"1491" -73.955894470215 -9.10970782306581 0.295697470114409
"1492" -75.955894470215 -8.10970782392162 0.315983585661992
"1493" -74.955894470215 -8.10970782392161 0.296384107414492
"1494" -74.0275540445652 -8.15254925409845 0.295697470114409
"1495" -75.955894470215 -7.10970782483164 0.31625133303092
"1496" -74.955894470215 -7.10970782483165 0.296384107414492
"1497" -74.0921427061954 -7.06185984838138 0.295697470114409
"1498" -75.955894470215 -6.10970782579053 0.310736915115893
"1499" -74.955894470215 -6.10970782579052 0.295697470114409
"1500" -73.955894470215 -6.10970782579053 0.294288745488713
"1501" -73.2893838440765 -6.06266200356431 0.290825409893765
"1502" -77.8139956577335 -10.0560623459916 0.396711554608091
"1503" -77.9488407470702 -9.10424799791839 0.36676086846205
"1504" -78.8279120575121 -8.01647087981271 0.351555377555881
"1505" -77.955894470215 -8.10970782392161 0.383614854246519
"1506" -76.955894470215 -8.10970782392162 0.37547563649267
"1507" -78.955894470215 -7.10970782483164 0.346234227935626
"1508" -77.955894470215 -7.10970782483165 0.370445280855848
"1509" -76.955894470215 -7.10970782483165 0.338303486454816
"1510" -79.9455930121166 -6.09859129935231 0.338363791960491
"1511" -80.7216264940007 -5.98637036296059 0.358830609924071
"1512" -78.955894470215 -6.10970782579053 0.360645797649923
"1513" -77.955894470215 -6.10970782579053 0.371799438738002
"1514" -76.955894470215 -6.10970782579053 0.354930124765235
"1515" -79.9560059616963 -5.10998215150802 0.326936841915379
"1516" -78.9161623226662 -5.18598217456469 0.35796288572163
"1517" -77.955894470215 -5.10970782679239 0.341524437912572
"1518" -76.955894470215 -5.1097078267924 0.311553463057501
"1519" -80.0384417006467 -4.48602633281184 0.329579565087385
"1520" -77.9452255210297 -4.11846307229858 0.323533239492518
"1521" -80.7957391054296 -5.05658020189831 0.301325920215465
"1522" -80.789979527689 -4.2163624793802 0.295262627024891
"1523" -76.955894470215 -4.10970782783091 0.299697696907955
"1524" -77.7931867457694 -3.3207436581673 0.310862514455064
"1525" -76.927862016212 -3.1569343725267 0.286513487012664
"1526" -71.9716701497101 -4.08441518796381 0.290402771433507
"1527" -71.0309062953617 -3.9840500220621 0.280015774467014
"1528" -71.955894470215 -3.10970782889939 0.267864084681255
"1529" -75.955894470215 -5.1097078267924 0.304569757128599
"1530" -74.955894470215 -5.1097078267924 0.290402771433507
"1531" -73.955894470215 -5.10970782679239 0.290402771433507
"1532" -73.0551201399914 -5.03228319853203 0.290402771433507
"1533" -75.955894470215 -4.10970782783091 0.299697696907955
"1534" -74.955894470215 -4.10970782783091 0.277796510752946
"1535" -73.955894470215 -4.10970782783091 0.277796510752946
"1536" -72.955894470215 -4.10970782783091 0.277796510752946
"1537" -75.955894470215 -3.10970782889939 0.286513487012664
"1538" -74.955894470215 -3.10970782889939 0.278232731530161
"1539" -73.955894470215 -3.10970782889939 0.278232731530161
"1540" -72.955894470215 -3.10970782889939 0.278232731530161
"1541" -75.8218623185484 -2.23556183078474 0.286513487012664
"1542" -74.955894470215 -2.10970782999082 0.286513487012664
"1543" -73.9593266072599 -2.11292627423409 0.286513487012664
"1544" -73.134399437494 -2.30522006633415 0.286513487012664
"1545" -74.9162627012046 -1.13613735311008 0.286513487012664
"1546" -74.0953727015192 -1.30295841503506 0.289584829618421
"1547" -70.9614376607789 -3.10414379275475 0.290130985339704
"1548" -75.010662961478 -0.368664383313477 0.307151800389696
"1549" -55.961445981907 2.90642314043843 0.26478257314121
"1550" -56.8228345555678 2.94236911701474 0.26478257314121
"1551" -55.955894470215 3.89029216339101 0.26478257314121
"1552" -56.955894470215 3.89029216339101 0.26478257314121
"1553" -54.9443492688743 2.93012194732908 0.26478257314121
"1554" -54.955894470215 3.89029216339101 0.26478257314121
"1555" -54.9565312381193 4.89039202456102 0.26478257314121
"1556" -54.9539814946248 5.67574343463152 0.26478257314121
"1557" -55.955894470215 4.89029216234535 0.26478257314121
"1558" -56.9308315841161 4.87173798042879 0.26478257314121
"1559" -55.9365925408875 5.65324172398116 0.26478257314121
"1560" -56.8286683157644 5.66653010800513 0.26478257314121
"1561" -57.7038724278672 3.9678726144314 0.26478257314121
"1562" -57.8677187498159 -33.9746169497947 0.351975368788455
"1563" -56.934782939896 -34.0796261946425 0.344347625031855
"1564" -57.865032521719 -33.1513296061806 0.383834600177537
"1565" -56.955894470215 -33.1097078220004 0.340670002581722
"1566" -55.955894470215 -33.1097078220003 0.388898075352074
"1567" -57.6907222783761 -31.1580989800974 0.378359581239872
"1568" -55.955894470215 -34.10970782251 0.344347625031855
"1569" -54.955894470215 -34.10970782251 0.387385128280159
"1570" -54.0349227513914 -34.0454146074767 0.387385128280159
"1571" -54.955894470215 -33.1097078220003 0.388898075352074
"1572" -53.9696346491209 -33.1020929466888 0.388898075352074
"1573" -54.9560888834771 -32.1099868387722 0.388898075352074
"1574" -57.7988744459819 -32.1267648530759 0.401486971721423
"1575" -56.955894470215 -32.1097078215013 0.358847574328603
"1576" -55.955894470215 -32.1097078215013 0.388898075352074
"1577" -56.955894470215 -31.1097078210178 0.378359581239872
"1578" -56.00495401176 -31.2036041205516 0.424849583857006
"1579" -56.9602072466028 -30.3986489011008 0.396954441085963
"1580" -54.0722982458506 -32.2617759072128 0.388898075352074
"1581" -65.9851222785836 1.10831996525077 0.268433194818286
"1582" -64.0853484748807 2.04332818034931 0.280087805634948
"1583" -64.957659939555 1.89215115067544 0.268433194818286
"1584" -65.955894470215 1.89029216556066 0.268433194818286
"1585" -62.9622970946714 4.09981619350909 0.264299466584926
"1586" -61.1069552546209 4.96096808237848 0.255301881914844
"1587" -61.9564036058037 4.8908738352857 0.255301881914844
"1588" -62.955894470215 4.89029216234535 0.25589599731471
"1589" -64.2360639084284 2.80400723366912 0.280087805634948
"1590" -64.955894470215 2.89029216446513 0.268433194818286
"1591" -65.955894470215 2.89029216446513 0.268433194818286
"1592" -63.8824467099155 4.20600862872683 0.280087805634948
"1593" -64.9843856426201 3.8733027708432 0.268433194818286
"1594" -65.955894470215 3.89029216339101 0.268433194818286
"1595" -63.955894470215 4.89029216234535 0.258573099060395
"1596" -64.955894470215 4.89029216234536 0.258573099060395
"1597" -65.955894470215 4.89029216234535 0.264792705092975
"1598" -63.955894470215 5.89029216133488 0.259104406439135
"1599" -61.955894470215 5.89029216133488 0.255301881914844
"1600" -62.955894470215 5.89029216133489 0.25589599731471
"1601" -61.0485856511969 6.99018672134251 0.25589599731471
"1602" -61.955894470215 6.89029216036606 0.25589599731471
"1603" -62.955894470215 6.89029216036606 0.269826138417882
"1604" -60.988626849942 7.9167471284688 0.269826138417882
"1605" -61.955894470215 7.89029215944484 0.269826138417882
"1606" -62.955894470215 7.89029215944485 0.278678216830757
"1607" -61.955894470215 8.8902921585767 0.286814982194467
"1608" -64.955894470215 5.89029216133488 0.278678216830757
"1609" -65.955894470215 5.89029216133489 0.286812865811231
"1610" -63.955894470215 6.89029216036606 0.278678216830757
"1611" -64.955894470215 6.89029216036606 0.286814982194467
"1612" -65.955894470215 6.89029216036605 0.270135013435115
"1613" -63.955894470215 7.89029215944484 0.286814982194467
"1614" -64.955894470215 7.89029215944484 0.270137432158813
"1615" -65.955894470215 7.89029215944484 0.273036062691926
"1616" -63.955894470215 8.8902921585767 0.270137432158813
"1617" -64.955894470215 8.89029215857669 0.267605152533547
"1618" -61.1044774002147 8.85107370335215 0.286814982194467
"1619" -62.955894470215 8.8902921585767 0.286814982194467
"1620" -61.9826402611567 9.64522701768137 0.270137432158813
"1621" -62.9724355416184 9.87370297110624 0.256153542917121
"1622" -63.9516068527128 9.88632377695568 0.256153542917121
"1623" -65.955894470215 8.8902921585767 0.27057705324823
"1624" -64.9394890951191 9.7614135215178 0.256153542917121
"1625" -65.9826342629706 9.85226602801256 0.239930791007966
"1626" -66.955894470215 9.89029215776662 0.239930791007966
"1627" -66.7684911110519 1.9343289230992 0.280087805634948
"1628" -66.9365065910004 2.89578026604382 0.280087805634948
"1629" -66.9470636355222 3.89826149164659 0.266368913767271
"1630" -66.955894470215 4.89029216234535 0.267961342875743
"1631" -67.6417582758073 4.88481639724133 0.270135013435115
"1632" -66.9542860477723 5.89000821890398 0.270135013435115
"1633" -69.8556223037418 7.02089799557076 0.27057705324823
"1634" -66.955894470215 6.89029216036606 0.270135013435115
"1635" -67.955894470215 6.89029216036606 0.270135013435115
"1636" -68.955894470215 6.89029216036605 0.267602330689234
"1637" -66.955894470215 7.89029215944484 0.27057705324823
"1638" -67.955894470215 7.89029215944484 0.27057705324823
"1639" -68.955894470215 7.89029215944484 0.244909675880143
"1640" -66.955894470215 8.8902921585767 0.244909675880143
"1641" -67.955894470215 8.8902921585767 0.244909675880143
"1642" -68.955894470215 8.8902921585767 0.236700277214203
"1643" -69.955894470215 8.89029215857669 0.232898518269816
"1644" -70.9674325035422 7.21018987202311 0.27057705324823
"1645" -69.955894470215 7.89029215944484 0.232898518269816
"1646" -70.955894470215 7.89029215944484 0.230714668015235
"1647" -71.9397032844918 7.88164448941145 0.233897639970143
"1648" -70.9224502236543 8.85477717032735 0.232898518269816
"1649" -71.9946450965253 8.85307055728886 0.240388219754953
"1650" -72.7298300223356 9.08833164440498 0.220701491254592
"1651" -70.8288146755196 9.93858104859567 0.232898518269816
"1652" -72.1945767984974 9.91803338435934 0.204470096512482
"1653" -72.7388524371787 9.84123987605187 0.199915587486403
"1654" -70.9117739917466 10.7626486527476 0.213180044570295
"1655" -72.0558529511028 10.8071342844998 0.23339123257412
"1656" -67.955894470215 9.89029215776661 0.239930791007966
"1657" -68.955894470215 9.89029215776661 0.239930791007966
"1658" -69.955894470215 9.89029215776662 0.232898518269816
"1659" -68.9676785514925 10.8768828708253 0.247428920406452
"1660" -69.9486764319081 10.8820716793107 0.221407435069297
"1661" -69.9558719219411 11.7488737832698 0.213180044570295
