	Species	Diet	ProcCoord1	ProcCoord2	ProcCoord3	ProcCoord4	ProcCoord5	ProcCoord6	ProcCoord7	ProcCoord8	ProcCoord9	ProcCoord10	ProcCoord11	ProcCoord12	ProcCoord13	ProcCoord14	ProcCoord15	ProcCoord16	ProcCoord17	ProcCoord18	ProcCoord19	ProcCoord20	ProcCoord21	ProcCoord22	ProcCoord23	ProcCoord24	ProcCoord25	ProcCoord26
Abrothrix_andina	Abrothrix_andina	1	-0.33721364	-0.1225115	-0.410618752	0.002985285	-0.272362773	-0.037206201	-0.226429221	0.014651226	-0.012722686	0.037189555	0.16784866	0.197114513	0.13424812	0.119167709	0.278978574	0.151185841	0.345790612	0.086063961	0.227204642	-0.047690924	0.31191977	-0.117666776	0.006202717	-0.121635912	-0.212846022	-0.161646777
Abrothrix_jelskii	Abrothrix_jelskii	1	-0.343460463	-0.11089639	-0.403331927	-0.011736916	-0.271953531	-0.042390843	-0.220699971	-8.92E-04	-0.012638352	0.035959035	0.182488871	0.193244931	0.132570446	0.107481383	0.276235595	0.148244239	0.348245037	0.091938985	0.23415771	-0.03671987	0.311452445	-0.112140399	0.004164835	-0.114735767	-0.237230698	-0.147356504
Abrothrix_lanosa	Abrothrix_lanosa	1	-0.350268473	-0.108439088	-0.419493543	-0.017120099	-0.262065292	-0.045180469	-0.223831778	-0.00701722	-0.016738777	0.023053755	0.176510929	0.158644344	0.147173571	0.097150938	0.290833416	0.144119887	0.35331768	0.097028763	0.222572439	-0.022139708	0.329434816	-0.097552973	-0.010020659	-0.088174986	-0.237424328	-0.134373143
Abrothrix_longipilis	Abrothrix_longipilis	1	-0.344359526	-0.110375482	-0.417963435	-0.008177974	-0.260102649	-0.043659237	-0.218179023	-0.006546853	-0.008132256	0.038627297	0.165732089	0.175079273	0.12169324	0.100296785	0.283187882	0.144074993	0.355644864	0.091030318	0.245282485	-0.026607338	0.318217929	-0.108510394	-0.002256697	-0.105239754	-0.238764904	-0.139991634
Abrothrix_olivaceus	Abrothrix_olivaceus	1	-0.337132253	-0.116219883	-0.396072697	-0.008152558	-0.260303487	-0.040873041	-0.208308151	0.013784995	-0.027524195	0.035689485	0.151963697	0.192871484	0.129886149	0.116698007	0.283715015	0.151095931	0.359037548	0.087882468	0.239935698	-0.029740237	0.310771792	-0.127870969	0.007174956	-0.118494519	-0.253144073	-0.156671164
Aegialomys_galapagoensis	Aegialomys_galapagoensis	1	-0.346232846	-0.110616227	-0.384166177	0.00598998	-0.261011134	-0.036300725	-0.217297112	0.012860662	8.73E-04	0.034287506	0.142194152	0.17588166	0.143736366	0.124010993	0.262132831	0.154626086	0.346416573	0.092308878	0.271198862	-0.026115809	0.31816324	-0.112337783	-0.028857079	-0.148069399	-0.247150219	-0.166525822
Aegialomys_xanthaeolus	Aegialomys_xanthaeolus	1	-0.332486732	-0.117281291	-0.380477496	0.004103022	-0.265384019	-0.031352204	-0.217635474	0.021034181	-0.015749198	0.044152182	0.135390545	0.181805827	0.138516404	0.123741816	0.263523555	0.155516393	0.347675255	0.090802962	0.269499842	-0.034842213	0.322670884	-0.127077321	-0.015303473	-0.13939474	-0.250240094	-0.171208613
Aepeomys_lugens	Aepeomys_lugens	3	-0.344420221	-0.104059828	-0.420795063	-0.014487215	-0.255615995	-0.04622712	-0.21338171	-0.006881376	-0.010446129	0.02640288	0.160691517	0.191422273	0.124956234	0.091840568	0.279077257	0.140991424	0.355990702	0.094292537	0.26405202	-0.028005915	0.309602696	-0.112798738	-0.0072954	-0.097206204	-0.242415909	-0.135283287
Akodon_aerosus	Akodon_aerosus	1	-0.343962248	-0.110977154	-0.415756101	-0.008796984	-0.267161129	-0.041629049	-0.225799172	0.015293302	-0.011668691	0.045775093	0.165819011	0.189434056	0.132390892	0.109808242	0.25473871	0.125423327	0.324387829	0.069728547	0.263574896	-0.029340686	0.337413646	-0.104190145	0.024873325	-0.113795246	-0.238850969	-0.146733301
Akodon_affinis	Akodon_affinis	1	-0.338947253	-0.111613235	-0.404996621	-0.008907361	-0.268230465	-0.042336783	-0.232025849	0.011110297	-0.01607523	0.051448249	0.165555943	0.204110679	0.130261755	0.116045941	0.25464064	0.120291814	0.324005061	0.062250939	0.270413458	-0.03331557	0.334751183	-0.105478957	0.022727763	-0.114659671	-0.242080387	-0.148946342
Akodon_albiventer	Akodon_albiventer	1	-0.344681099	-0.113838413	-0.413412919	-0.002172287	-0.263779014	-0.040267949	-0.214498925	0.00463742	-0.008328713	0.043015735	0.174765022	0.203927052	0.138358432	0.123977809	0.260750278	0.137652745	0.320972313	0.068703331	0.248975948	-0.038039785	0.324773468	-0.105258471	0.01571268	-0.127891779	-0.23960747	-0.154445408
Akodon_azarae	Akodon_azarae	1	-0.349783846	-0.112101071	-0.410760621	-0.002514505	-0.265531116	-0.043130576	-0.219753639	0.016691843	-0.009065563	0.048304275	0.170173651	0.199121583	0.135138366	0.119765537	0.248383214	0.129070666	0.31446842	0.06629486	0.250736043	-0.031104895	0.341653426	-0.114714055	0.034580333	-0.117955397	-0.240238668	-0.157728265
Akodon_boliviensis	Akodon_boliviensis	1	-0.349381016	-0.108906704	-0.415720796	-0.001307687	-0.262208197	-0.041812817	-0.217439242	0.014128164	-0.005751788	0.046606756	0.163170251	0.190911661	0.129556908	0.116426346	0.240152397	0.127740652	0.319618035	0.065233577	0.262796016	-0.027385575	0.34535604	-0.11100733	0.036400122	-0.117552343	-0.246548729	-0.153074699
Akodon_budini	Akodon_budini	1	-0.352380934	-0.102326057	-0.419457954	-0.006769697	-0.264301616	-0.04787809	-0.220081649	0.011488808	0.003837723	0.047255434	0.14087638	0.183512492	0.126221612	0.110699571	0.254442412	0.126683891	0.327705213	0.066546434	0.276372495	-0.036252022	0.331126241	-0.100578498	0.047276865	-0.108832	-0.251636786	-0.143550266
Akodon_cursor	Akodon_cursor	1	-0.346575785	-0.111981296	-0.415850606	-0.007387007	-0.263479283	-0.041824831	-0.213381468	0.016331749	-0.011010628	0.046568927	0.169125912	0.192001877	0.134777824	0.116223324	0.244488436	0.129358409	0.317250544	0.064460343	0.267435311	-0.021463372	0.342026069	-0.114091422	0.017907329	-0.116031786	-0.242713654	-0.152164915
Akodon_dayi	Akodon_dayi	1	-0.33998876	-0.112569261	-0.410947158	-0.003377669	-0.267376303	-0.04050797	-0.222128082	0.009616278	-0.013881043	0.044814805	0.176944097	0.196061551	0.135408593	0.1232537	0.245904617	0.132609048	0.316429826	0.060044283	0.26403462	-0.02569715	0.336285931	-0.11066098	0.023933387	-0.119383427	-0.244619725	-0.154203207
Akodon_dolores	Akodon_dolores	1	-0.339180953	-0.118041428	-0.404671384	0.003834237	-0.267383006	-0.039696182	-0.217962372	0.017245821	-0.018416586	0.046813379	0.166792507	0.208094188	0.144812561	0.133767911	0.247807144	0.132855099	0.315515911	0.064428133	0.251825261	-0.037304621	0.336337251	-0.117776419	0.022301106	-0.130517963	-0.237777439	-0.163702153
Akodon_fumeus	Akodon_fumeus	1	-0.35510064	-0.107980185	-0.41927357	-0.007053687	-0.264977063	-0.042857832	-0.215001427	0.005071375	0.001123703	0.045962674	0.15740305	0.17984377	0.135354841	0.119470859	0.252340842	0.129506178	0.320920996	0.065201612	0.260982862	-0.025723403	0.338887689	-0.106241047	0.034614318	-0.110262289	-0.247275601	-0.144938024
Akodon_iniscatus	Akodon_iniscatus	1	-0.331721103	-0.122404423	-0.408903555	4.24E-04	-0.270199341	-0.037322268	-0.224056794	0.011072199	-0.020316606	0.036492272	0.190017696	0.209490593	0.143147142	0.13066838	0.255764115	0.129607418	0.313675721	0.074689107	0.24885733	-0.034730015	0.321560463	-0.117452964	0.025049105	-0.119201945	-0.242874174	-0.161332109
Akodon_juninensis	Akodon_juninensis	1	-0.351810155	-0.107036223	-0.416309885	-0.007442533	-0.266335677	-0.045272092	-0.220004145	0.007899203	-0.001080447	0.044389752	0.168558615	0.186952598	0.131608179	0.108530774	0.252159748	0.124033978	0.316788723	0.067769095	0.258173747	-0.02174039	0.343137069	-0.104032353	0.037646859	-0.108394916	-0.252532631	-0.145656893
Akodon_kofordi	Akodon_kofordi	1	-0.361782811	-0.107095792	-0.421574063	-0.010607397	-0.266991927	-0.043096877	-0.209295206	0.011101784	0.010096759	0.043505562	0.169516029	0.185646921	0.142599825	0.121158535	0.243738508	0.129595516	0.317703549	0.064412405	0.259366513	-0.022288458	0.32811482	-0.1027979	0.033007456	-0.119122386	-0.244499453	-0.150411912
Akodon_lindberghi	Akodon_lindberghi	1	-0.351675239	-0.106294359	-0.408326973	-6.19E-04	-0.262074753	-0.040685528	-0.216619173	0.010564891	-0.008191586	0.047653084	0.146228209	0.181711815	0.115305031	0.109375839	0.251704312	0.134102375	0.328991321	0.062029057	0.265669125	-0.022838123	0.358475972	-0.111893367	0.025038153	-0.115301393	-0.2445244	-0.14780481
Akodon_lutescens	Akodon_lutescens	1	-0.348881949	-0.113610665	-0.414659983	0.001056324	-0.269381456	-0.043024792	-0.217626539	0.012313031	7.77E-04	0.050333747	0.165278633	0.188751877	0.137533222	0.120936451	0.242656713	0.127798224	0.316140804	0.065902436	0.257595465	-0.028718069	0.338637397	-0.110142632	0.039623329	-0.115181266	-0.247692973	-0.156414667
Akodon_mimus	Akodon_mimus	1	-0.356190079	-0.097014246	-0.432512205	-0.007372264	-0.258529097	-0.044344267	-0.219777678	-0.0081252	0.009959902	0.0494476	0.139507418	0.177264905	0.11704419	0.087425331	0.264011126	0.117216949	0.325264787	0.072337691	0.27565494	-0.02404935	0.351826036	-0.092928506	0.030127605	-0.101153652	-0.246386945	-0.12870499
Akodon_mollis	Akodon_mollis	1	-0.345162614	-0.110120316	-0.416395616	-0.004320012	-0.268010795	-0.042526045	-0.221975929	0.005659644	-0.008158165	0.045013916	0.16845333	0.191335336	0.136143578	0.116610337	0.246876599	0.124108002	0.32106869	0.06455884	0.261732402	-0.026839685	0.335126095	-0.104224251	0.041384567	-0.11218578	-0.251082142	-0.147069985
Akodon_montensis	Akodon_montensis	1	-0.348976016	-0.110954677	-0.41424729	-0.008374139	-0.264839727	-0.042649457	-0.216237154	0.014065473	-0.006611821	0.048210849	0.167076602	0.190025714	0.130463374	0.111530264	0.248647071	0.129423717	0.319991932	0.0663169	0.26412235	-0.021774215	0.343539137	-0.112933532	0.019265804	-0.113798086	-0.242194263	-0.149088811
Akodon_mystax	Akodon_mystax	1	-0.353200189	-0.106235298	-0.4142232	-0.010103347	-0.269292004	-0.04344129	-0.222288992	0.009442039	0.002505047	0.04621373	0.157300668	0.18470554	0.129422237	0.112059757	0.246119086	0.122295511	0.325673141	0.059997914	0.273052023	-0.031038839	0.343441245	-0.093748726	0.027548217	-0.106619309	-0.246057279	-0.143527683
Akodon_orophilus	Akodon_orophilus	1	-0.344648943	-0.108858298	-0.419025301	-0.011938599	-0.270027669	-0.044196567	-0.225253382	0.002162957	0.001053189	0.044124033	0.16796088	0.185218183	0.135361636	0.111267525	0.259100159	0.121469975	0.322840689	0.069080834	0.261719147	-0.023511029	0.330160994	-0.100146236	0.034954143	-0.103837357	-0.254195542	-0.140835422
Akodon_paranaensis	Akodon_paranaensis	1	-0.354805368	-0.104796826	-0.415975156	-0.004069468	-0.263719519	-0.042343742	-0.216936217	0.010429974	1.39E-04	0.04980623	0.15229449	0.193361537	0.118513463	0.096303112	0.251321212	0.122473472	0.323474049	0.069030457	0.274845737	-0.025148794	0.346901821	-0.103921664	0.024146453	-0.115284891	-0.240199629	-0.145839396
Akodon_reigi	Akodon_reigi	1	-0.341219799	-0.118170159	-0.41811462	-0.009143508	-0.264892659	-0.043837173	-0.215713004	0.00684552	-0.009656681	0.051465661	0.167010715	0.190806203	0.141360243	0.118617682	0.255298617	0.132513786	0.326583662	0.060262955	0.2584809	-0.019584924	0.336260502	-0.115442639	0.002729682	-0.106598578	-0.238127557	-0.147734826
Akodon_serrensis	Akodon_serrensis	1	-0.348513548	-0.109119312	-0.414841288	-0.003662343	-0.26386792	-0.043070313	-0.214558097	0.023895933	-0.008464517	0.047727415	0.150663795	0.188239811	0.122189138	0.107418936	0.249275669	0.130765636	0.323881172	0.068463837	0.268149906	-0.027792631	0.349532133	-0.112061897	0.025348207	-0.12236251	-0.23879465	-0.148442561
Akodon_siberiae	Akodon_siberiae	1	-0.352550625	-0.103436712	-0.413455059	-0.008745555	-0.265739017	-0.045221854	-0.221467654	0.01562197	-0.008942118	0.046774966	0.133885087	0.18490098	0.124698158	0.106011142	0.256024	0.127013038	0.329913915	0.066097718	0.278443946	-0.032079173	0.339200288	-0.110448779	0.045680496	-0.10432195	-0.245691417	-0.14216579
Akodon_simulator	Akodon_simulator	1	-0.347764334	-0.111155753	-0.412380681	-0.002633854	-0.265642197	-0.039855729	-0.222021412	0.007159581	-0.007965164	0.049295469	0.164741865	0.196001847	0.133747523	0.120025684	0.253498958	0.130976169	0.323476681	0.064825338	0.258874875	-0.026693045	0.325826528	-0.112838728	0.038299473	-0.120530992	-0.242692114	-0.154575987
Akodon_spegazzinii	Akodon_spegazzinii	1	-0.34762666	-0.112094123	-0.419371704	-0.003587915	-0.268747381	-0.043665406	-0.218927889	0.014441544	0.002358118	0.053223384	0.175320967	0.192221897	0.121850622	0.109064471	0.245114078	0.129834002	0.323316341	0.068668153	0.259379521	-0.033818034	0.330873583	-0.10613846	0.040241731	-0.113914489	-0.243781326	-0.154235023
Akodon_subfuscus	Akodon_subfuscus	1	-0.345721461	-0.110983723	-0.417072312	-0.003324841	-0.267355434	-0.043806403	-0.220181337	0.011543426	-0.008186848	0.042970474	0.168926243	0.19146011	0.139370529	0.11739757	0.250330971	0.128688358	0.316544988	0.066880076	0.252247229	-0.025338254	0.339901682	-0.110117658	0.036507586	-0.115459822	-0.245311836	-0.149909313
Akodon_sylvanus	Akodon_sylvanus	1	-0.346024137	-0.11315291	-0.403257599	-0.007593262	-0.267385896	-0.040122099	-0.214322783	0.020475814	-0.029617143	0.040338869	0.165252525	0.195639132	0.143503121	0.115842638	0.25939615	0.132431736	0.322130577	0.065985814	0.258733463	-0.0217812	0.335300955	-0.109411946	0.020355163	-0.124196158	-0.244064397	-0.154456427
Akodon_toba	Akodon_toba	1	-0.338229279	-0.114086543	-0.414738969	0.001454849	-0.2674537	-0.03946864	-0.224181715	0.005804083	-0.018573412	0.04237163	0.180808152	0.197493037	0.141995463	0.127565042	0.249922212	0.137591423	0.318555659	0.067898428	0.252105167	-0.02976816	0.321314503	-0.115430408	0.040319331	-0.126205611	-0.241843413	-0.15521913
Akodon_torques	Akodon_torques	1	-0.352996306	-0.105116169	-0.428600916	-0.011108026	-0.264808377	-0.042698839	-0.22485505	0.004969032	0.002355593	0.046250876	0.154969677	0.178411846	0.127073545	0.094862872	0.262809604	0.118716212	0.326545822	0.071242057	0.265646754	-0.021145195	0.338035121	-0.095268287	0.036930465	-0.10302832	-0.243105932	-0.13608806
Akodon_varius	Akodon_varius	1	-0.352429546	-0.110156678	-0.40817574	-0.003570236	-0.263546575	-0.04005239	-0.220599859	0.006696521	-0.011293839	0.051499821	0.164722067	0.200866393	0.138344928	0.115805518	0.246877785	0.127574575	0.323799742	0.065809633	0.260990865	-0.027545388	0.33123985	-0.112103635	0.031837487	-0.119823386	-0.241767164	-0.155000748
Andalgalomys_pearsoni	Andalgalomys_pearsoni	1	-0.339110776	-0.11524775	-0.402212546	0.003296303	-0.264902272	-0.040997582	-0.204764494	0.012683521	0.001436219	0.036612547	0.172385866	0.185001916	0.144185564	0.119544044	0.270422591	0.1677749	0.346306249	0.098567074	0.214402827	-0.042237787	0.323806736	-0.115393711	-0.023082684	-0.142073736	-0.23887328	-0.167529739
Andinomys_edax	Andinomys_edax	2	-0.349018171	-0.098358675	-0.388311497	0.013628955	-0.260937723	-0.044791349	-0.211405719	0.009316827	-0.00388458	0.030437509	0.150459031	0.205616073	0.146210427	0.123236403	0.274585323	0.157527478	0.333830493	0.082313109	0.232296505	-0.023123069	0.317085597	-0.12187853	0.004817882	-0.149988772	-0.245727568	-0.183935958
Auliscomys_boliviensis	Auliscomys_boliviensis	1	-0.348207542	-0.103556752	-0.403567606	-0.007248787	-0.2612366	-0.052678893	-0.214801351	0.005700275	0.007547607	0.033762215	0.164107415	0.182285029	0.172366966	0.138347977	0.288251501	0.155424474	0.338037534	0.097042854	0.202785505	-0.031474757	0.308384037	-0.116123363	-0.009984174	-0.135037162	-0.243683291	-0.16644311
Auliscomys_pictus	Auliscomys_pictus	1	-0.355497729	-0.097152953	-0.399574844	0.002501785	-0.259518999	-0.050895482	-0.215326559	0.001886185	0.010338706	0.042079422	0.147639273	0.183406454	0.145442228	0.12578446	0.275433533	0.155336053	0.335602946	0.079663073	0.232965447	-0.023128135	0.325506845	-0.115439446	-0.001958431	-0.140384764	-0.241052416	-0.16365665
Auliscomys_sublimis	Auliscomys_sublimis	1	-0.366940596	-0.092173977	-0.401974624	0.001884073	-0.256666612	-0.056563103	-0.209726251	0.004425361	0.008457286	0.037909632	0.143350018	0.179133059	0.149676589	0.118499968	0.283142786	0.147919109	0.32929414	0.083566645	0.229144454	-0.017104272	0.32620511	-0.110130035	0.016002642	-0.133861035	-0.249964941	-0.163505425
Blarinomys_breviceps	Blarinomys_breviceps	3	-0.334871139	-0.121125058	-0.413761814	-0.010291146	-0.274564754	-0.05138286	-0.237029013	-0.004147981	0.005556533	0.020534162	0.189331123	0.240133376	0.177732506	0.116189802	0.294353232	0.144070906	0.34873558	0.100416196	0.194422659	-0.038695874	0.267883193	-0.127905849	-0.005291341	-0.115468938	-0.212496765	-0.152326736
Brucepattersonius_iheringi	Brucepattersonius_iheringi	3	-0.349586398	-0.107941983	-0.405048581	-0.008908238	-0.273873928	-0.045345757	-0.238069489	-0.011658668	0.016271214	0.050280067	0.145426615	0.198739569	0.14998679	0.118699896	0.264538695	0.131960822	0.324959284	0.071131129	0.260416712	-0.031915912	0.31521079	-0.116074471	0.034456927	-0.111814882	-0.244688629	-0.137151572
Brucepattersonius_soricinus	Brucepattersonius_soricinus	3	-0.347680995	-0.105146316	-0.410742167	-0.008714539	-0.262125865	-0.048265913	-0.229964471	-0.006949931	-0.030836381	0.020059362	0.170449201	0.192200565	0.158472133	0.102171113	0.289936839	0.136211909	0.336123111	0.095171656	0.250435806	-0.025274749	0.297516767	-0.107259183	0.021864685	-0.100966683	-0.243448662	-0.14323729
Calomys_callosus	Calomys_callosus	2	-0.339855335	-0.115865448	-0.388109244	0.003417568	-0.269411417	-0.03806692	-0.21818091	0.015919214	-0.024814249	0.043222272	0.180130298	0.206597876	0.14344895	0.12110891	0.267078333	0.152127435	0.329297051	0.074813018	0.230266701	-0.027897363	0.323258503	-0.120197287	0.006116937	-0.13899623	-0.239225617	-0.176183045
Calomys_laucha	Calomys_laucha	2	-0.357306855	-0.105965334	-0.400991326	0.008866605	-0.26466558	-0.043230774	-0.209959939	0.009087756	-0.021483172	0.029196848	0.187485324	0.196776881	0.14760333	0.111431515	0.266353952	0.151123184	0.330549331	0.078153679	0.224744078	-0.022347993	0.315363005	-0.102528146	0.024556394	-0.133046706	-0.242248541	-0.177517516
Calomys_lepidus	Calomys_lepidus	2	-0.346511071	-0.107676691	-0.392080053	9.16E-04	-0.265175559	-0.04343665	-0.216637079	0.007518191	-0.013531259	0.039227967	0.153667055	0.196055762	0.149585658	0.130896285	0.2790917	0.152277836	0.325506783	0.07598335	0.235967201	-0.027019564	0.322681857	-0.125273117	0.012113555	-0.131952914	-0.244678788	-0.167515997
Calomys_musculinus	Calomys_musculinus	2	-0.347817628	-0.116384406	-0.402445049	0.00456937	-0.26267303	-0.043554297	-0.209573376	0.009876552	-0.018829626	0.037974481	0.19940759	0.211436636	0.145351384	0.11453115	0.269396063	0.153535589	0.327300695	0.072871619	0.218648376	-0.02838812	0.314785605	-0.10826721	0.004454407	-0.131121456	-0.238005412	-0.177079908
Calomys_sorellus	Calomys_sorellus	2	-0.351243515	-0.11447533	-0.395335847	0.003073952	-0.266364404	-0.041309791	-0.209031996	0.018868233	-0.016855164	0.03815584	0.155993501	0.194972393	0.146063372	0.115484138	0.279832317	0.152396246	0.340457936	0.084461377	0.227358909	-0.030052822	0.315352223	-0.1178681	0.012674469	-0.131373026	-0.238901802	-0.172333111
Calomys_venustus	Calomys_venustus	2	-0.336237208	-0.123575466	-0.391906461	1.39E-04	-0.277747941	-0.038654069	-0.220318706	0.020030222	-0.012858862	0.046892286	0.186860841	0.200016088	0.141440695	0.12616848	0.27306262	0.152985599	0.333330023	0.079873463	0.21724128	-0.03860895	0.308591707	-0.116620398	0.023392768	-0.132235982	-0.244850755	-0.176410277
Cerradomys_langguthi	Cerradomys_langguthi	1	-0.334166391	-0.115789691	-0.392500802	0.015319173	-0.260628092	-0.030742792	-0.213923456	0.016032464	-0.029081527	0.037339475	0.130101165	0.17850971	0.134736309	0.123107298	0.273331617	0.160634835	0.34705443	0.08663298	0.270992899	-0.030737221	0.315620832	-0.125829503	-8.06E-04	-0.142909949	-0.240731313	-0.171566779
Cerradomys_maracajuensis	Cerradomys_maracajuensis	1	-0.328231818	-0.116101234	-0.395382159	0.015709558	-0.264456961	-0.031611002	-0.218346699	0.023247504	-0.018385823	0.041286965	0.129216525	0.165590767	0.12619737	0.114392636	0.267420854	0.157909751	0.350242698	0.089864796	0.274035017	-0.028507151	0.332293554	-0.120567167	-0.017219535	-0.140956566	-0.237383022	-0.170258857
Cerradomys_scotti	Cerradomys_scotti	1	-0.334329141	-0.120350609	-0.386974802	0.005973617	-0.263727112	-0.029923966	-0.215368543	0.021579343	-0.03262762	0.040807573	0.153796787	0.190089857	0.137477031	0.120680026	0.261348399	0.150952385	0.336430258	0.081407444	0.26739814	-0.024181956	0.322115796	-0.125495515	0.003183186	-0.142113868	-0.24872238	-0.169424331
Chelemys_megalonyx	Chelemys_megalonyx	1	-0.341149419	-0.106974093	-0.41124896	-0.009194343	-0.265017637	-0.04095272	-0.214701471	-0.002794018	-0.028392228	0.034193956	0.173860731	0.202213603	0.135824401	0.108863636	0.284169751	0.141765446	0.346719787	0.094140118	0.244680737	-0.033653231	0.295260354	-0.113939776	0.017868128	-0.12562269	-0.237874173	-0.148045887
Chilomys_instans	Chilomys_instans	3	-0.325748844	-0.114100695	-0.418817338	-0.009391724	-0.24783072	-0.029977606	-0.20835547	0.018062444	-0.023422168	0.037113531	0.115760177	0.167906117	0.095816806	0.098775453	0.302018623	0.162737595	0.382167816	0.09819893	0.262768453	-0.043699004	0.307686962	-0.123246293	0.004362787	-0.118642937	-0.246407082	-0.143735809
Delomys_dorsalis	Delomys_dorsalis	1	-0.334969977	-0.112038536	-0.40227108	0.00885792	-0.252906286	-0.038435212	-0.21721649	0.0208398	-0.022645343	0.040319853	0.135103429	0.183976406	0.120701019	0.108026586	0.273364938	0.148975858	0.346035957	0.085029064	0.27271801	-0.040723444	0.326154266	-0.109087321	0.001714543	-0.133392449	-0.245782984	-0.162348527
Delomys_sublineatus	Delomys_sublineatus	1	-0.331249903	-0.119973401	-0.397143668	0.011129661	-0.259135916	-0.033265288	-0.216829548	0.024870627	-0.029639179	0.045707392	0.135504754	0.181808804	0.127151031	0.108405882	0.27179391	0.148223933	0.342014562	0.081334722	0.269606759	-0.020986099	0.332586262	-0.124069432	-0.003689474	-0.135580846	-0.240969589	-0.167605956
Deltamys_kempi	Deltamys_kempi	1	-0.349260932	-0.108269226	-0.422828144	-0.001754517	-0.265218093	-0.040533704	-0.224512102	0.004605627	-9.69E-04	0.047109906	0.152304577	0.183589246	0.121399824	0.106576029	0.257404712	0.128194874	0.326890455	0.0680417	0.257982636	-0.028800674	0.341659465	-0.108375337	0.046476758	-0.107139716	-0.24133018	-0.143244209
Eligmodontia_morgani	Eligmodontia_morgani	1	-0.343088087	-0.114167156	-0.396658094	0.005811979	-0.265128912	-0.040425514	-0.21123702	0.01714786	-0.018475667	0.033219705	0.155060048	0.178082664	0.154413269	0.125734202	0.286378139	0.152047852	0.347094325	0.083078649	0.225998127	-0.021707335	0.312713077	-0.104061385	-0.001894687	-0.139902707	-0.245174519	-0.174858814
Eremoryzomys_polius	Eremoryzomys_polius	1	-0.334429528	-0.114365742	-0.397196482	0.014275458	-0.260439852	-0.034038077	-0.218548629	0.018860945	-0.018093125	0.038540304	0.142550087	0.180951952	0.131272312	0.116015443	0.261505723	0.148465679	0.338929148	0.073326996	0.273060956	-0.028394047	0.327132448	-0.104226435	0.007394366	-0.138516664	-0.253137423	-0.170895813
Euneomys_chinchilloides	Euneomys_chinchilloides	2	-0.355906305	-0.09644745	-0.381889745	0.013212733	-0.269955056	-0.040567829	-0.216441077	0.018680833	0.006080789	0.021182932	0.145739934	0.183167891	0.142052903	0.125089126	0.27545891	0.162024829	0.332492214	0.094784754	0.227090298	-0.015985523	0.327459864	-0.124529898	0.008088259	-0.162052257	-0.240270988	-0.178560142
Euryoryzomys_macconnelli	Euryoryzomys_macconnelli	2	-0.337424619	-0.108154967	-0.398268091	0.012967461	-0.251354367	-0.031009459	-0.215500041	0.013641843	-0.015633041	0.042010694	0.090609045	0.145922202	0.114861226	0.114963153	0.274697667	0.152542334	0.358528645	0.089451922	0.292008639	-0.033552309	0.345282723	-0.113839013	-0.005148991	-0.132312419	-0.252658793	-0.152631442
Euryoryzomys_nitidus	Euryoryzomys_nitidus	2	-0.331051242	-0.116691129	-0.389895084	0.018627873	-0.26255247	-0.027801902	-0.220652034	0.028286162	-0.029520001	0.043135758	0.120294683	0.174347138	0.126879322	0.125578931	0.258182076	0.151139806	0.35391184	0.085406792	0.284324216	-0.031665026	0.324618852	-0.125686011	-0.001528401	-0.149789486	-0.233011758	-0.174888906
Euryoryzomys_russatus	Euryoryzomys_russatus	2	-0.335122542	-0.108190561	-0.379502819	0.021492817	-0.262368786	-0.026887482	-0.216264793	0.024261034	-0.047053211	0.03337306	0.125137697	0.183027342	0.13093661	0.126886111	0.257591534	0.154261148	0.343718464	0.096496669	0.280409918	-0.024603238	0.331810305	-0.146725955	0.001109458	-0.152735482	-0.230401835	-0.180655464
Galenomys_garleppi	Galenomys_garleppi	2	-0.367420778	-0.097872457	-0.412029086	-0.007592448	-0.254088062	-0.048573685	-0.204987483	0.021539627	-5.55E-04	0.048230049	0.135778415	0.162853688	0.13072839	0.113012126	0.273790279	0.157634158	0.344966105	0.079354435	0.24540725	-0.033494285	0.321417906	-0.112242874	0.029833552	-0.119072006	-0.242841223	-0.16377633
Geoxus_valdivianus	Geoxus_valdivianus	1	-0.345777257	-0.108999813	-0.412342995	-0.017618814	-0.26075182	-0.045355367	-0.210498402	-0.009123625	-0.042522185	0.015247985	0.200346009	0.181073152	0.157880002	0.12323904	0.287413758	0.148384793	0.341473292	0.1010021	0.233840045	-0.028515087	0.296974066	-0.108291899	-0.002290319	-0.110761183	-0.243744193	-0.140281282
Graomys_domorum	Graomys_domorum	2	-0.332869334	-0.119350121	-0.397278042	0.010429706	-0.268093285	-0.032536529	-0.220284449	0.010431173	-0.00688714	0.046295585	0.152956916	0.176910661	0.144639941	0.134066998	0.289344076	0.16810899	0.348422984	0.098405578	0.211450357	-0.044797316	0.311615576	-0.126119161	-0.003119412	-0.144136047	-0.229898188	-0.177709516
Graomys_griseoflavus	Graomys_griseoflavus	2	-0.335589863	-0.112915556	-0.402484503	0.013194034	-0.266071852	-0.037588548	-0.220310432	0.007808768	-0.003724259	0.042519011	0.163881586	0.169757639	0.143901339	0.121349139	0.27824922	0.169877594	0.341922063	0.099306183	0.214983211	-0.037932195	0.320842017	-0.117391195	0.002220696	-0.14590858	-0.237819224	-0.172076294
Handleyomys_alfaroi	Handleyomys_alfaroi	2	-0.33221665	-0.117556089	-0.398258644	0.013773496	-0.26021689	-0.036352139	-0.21171703	0.022588847	-0.028630641	0.037026681	0.141542091	0.175724752	0.134559628	0.12228745	0.268100122	0.154178468	0.34639008	0.080824746	0.270486649	-0.027891232	0.31642847	-0.111596746	0.002046037	-0.143884076	-0.248513223	-0.169124157
Handleyomys_intectus	Handleyomys_intectus	2	-0.330582849	-0.118613971	-0.393578869	-8.44E-04	-0.266800181	-0.040092684	-0.206608954	0.030010702	-0.043570354	0.041681215	0.145650828	0.19411084	0.124713143	0.115091129	0.272695562	0.143514601	0.345528909	0.073125825	0.270615233	-0.034586144	0.323051886	-0.114725407	0.009747946	-0.125810959	-0.2508623	-0.162861516
Holochilus_brasiliensis	Holochilus_brasiliensis	2	-0.350019414	-0.098595241	-0.376833663	0.018516824	-0.260299059	-0.038802672	-0.208221044	0.041205877	-0.052915473	0.028107646	0.159438724	0.237554539	0.144477646	0.124272288	0.242364304	0.155381298	0.31437514	0.054220804	0.257742088	-0.031272619	0.352198594	-0.124782708	-0.013208029	-0.165985925	-0.209099813	-0.199820113
Holochilus_sciureus	Holochilus_sciureus	2	-0.351978382	-0.104654033	-0.383964178	0.016663906	-0.260942364	-0.034216454	-0.200685625	0.05237532	-0.04611931	0.032305482	0.141407821	0.217558352	0.137601176	0.121362269	0.240907166	0.153028846	0.334237923	0.073508341	0.260843113	-0.038593721	0.342272972	-0.1284288	-0.003439742	-0.163643839	-0.210140571	-0.197265669
Hylaeamys_megacephalus	Hylaeamys_megacephalus	2	-0.333604887	-0.115116996	-0.399352633	0.0151401	-0.264148111	-0.031806604	-0.213385108	0.023929577	-0.024986586	0.037063772	0.141523151	0.169953556	0.128385331	0.107614107	0.257560822	0.155364757	0.346576008	0.079367062	0.285458366	-0.023631396	0.330926192	-0.106499598	-0.018783176	-0.142136429	-0.236169367	-0.169241908
Hylaeamys_perenensis	Hylaeamys_perenensis	2	-0.34201336	-0.108703479	-0.39510154	0.013955443	-0.262136636	-0.029407613	-0.213195465	0.025730059	-0.034523293	0.036238959	0.122894768	0.176058417	0.123131329	0.108132053	0.264184889	0.149373505	0.341491445	0.072730658	0.291068902	-0.02243901	0.340587442	-0.112627951	-0.006082235	-0.139053067	-0.230306245	-0.169987975
Hylaeamys_yunganus	Hylaeamys_yunganus	2	-0.330083921	-0.115465044	-0.390061739	0.017229756	-0.260290526	-0.030463689	-0.217014186	0.029371088	-0.0342072	0.034461769	0.134366258	0.193886573	0.129068265	0.116018943	0.249565981	0.153384719	0.340095568	0.079502745	0.282947842	-0.023876964	0.331958019	-0.132843507	0.003099369	-0.149704218	-0.23944373	-0.171502171
Irenomys_tarsalis	Irenomys_tarsalis	2	-0.339984263	-0.108488975	-0.392905596	0.016337946	-0.267761423	-0.031666668	-0.218236875	0.023490086	-0.013282556	0.040077458	0.125420227	0.189177787	0.124315853	0.120989329	0.284599334	0.165975836	0.359697344	0.091363789	0.230119566	-0.052865497	0.316209191	-0.123755558	0.012676921	-0.145578126	-0.220867723	-0.185057407
Juliomys_pictipes	Juliomys_pictipes	2	-0.324923207	-0.120678275	-0.401731885	0.008505136	-0.273699059	-0.034017312	-0.230079668	0.022817452	-0.038687388	0.039246275	0.146337315	0.175438127	0.134137616	0.112474004	0.276783496	0.155322404	0.3549744	0.084989605	0.262679427	-0.041950003	0.309482743	-0.107813929	0.011679546	-0.135571885	-0.226953336	-0.158761599
Juscelinomys_huanchacae	Juscelinomys_huanchacae	3	-0.348579578	-0.104355687	-0.416881969	-0.010162187	-0.26989824	-0.046301559	-0.227952614	-0.010012726	-0.021896802	0.020233445	0.17688771	0.152416908	0.159093063	0.107685694	0.26896493	0.137161266	0.330843763	0.081038979	0.262527133	-0.027422549	0.329033296	-0.076859334	0.012237217	-0.089490728	-0.25437791	-0.133931523
Kunsia_tomentosus	Kunsia_tomentosus	1	-0.338130128	-0.112482006	-0.388324109	0.021430258	-0.260330364	-0.028022746	-0.215953947	0.023513897	-0.014421994	0.034199822	0.141814192	0.207158135	0.133037459	0.126111687	0.247356	0.160724563	0.332103504	0.072427246	0.276985307	-0.020451266	0.323900233	-0.131426176	-0.012230696	-0.174431122	-0.225805457	-0.178752293
Lenoxus_apicalis	Lenoxus_apicalis	3	-0.350718301	-0.105145727	-0.426988292	-0.009721115	-0.265877647	-0.048942334	-0.225474686	-0.011682069	0.003847169	0.030364082	0.175872334	0.190458479	0.141648076	0.100676551	0.279116532	0.133430054	0.323952668	0.080187461	0.255870945	-0.0228004	0.305273244	-0.099251071	0.028842949	-0.100696639	-0.245364993	-0.136877272
Loxodontomys_micropus	Loxodontomys_micropus	2	-0.341823929	-0.113507053	-0.396598245	0.015336045	-0.275649606	-0.036939469	-0.220405332	0.017343981	-4.08E-04	0.032735519	0.174028167	0.197274551	0.146307121	0.125742863	0.266451174	0.155837679	0.312733898	0.07743266	0.230057464	-0.025033085	0.323427368	-0.113466847	0.020518006	-0.156554723	-0.238638363	-0.176202122
Lundomys_molitor	Lundomys_molitor	2	-0.359391752	-0.097361676	-0.3949948	0.018220376	-0.264425551	-0.042480173	-0.230261974	0.014763728	-0.007176166	0.027568171	0.163687766	0.182351388	0.136941998	0.100948489	0.247464367	0.153804705	0.318681201	0.072692575	0.283201653	-0.016127247	0.323676384	-0.095841229	0.020584111	-0.149238196	-0.237987238	-0.16930091
Melanomys_caliginosus	Melanomys_caliginosus	2	-0.325006798	-0.12348054	-0.405446116	0.003340022	-0.267185738	-0.034045228	-0.22499898	0.016052177	-0.010133233	0.045992682	0.160849318	0.199012487	0.123825561	0.115381048	0.261221753	0.146153165	0.335873361	0.063138079	0.276350635	-0.016482395	0.312682189	-0.121405046	0.003021088	-0.133159699	-0.241053038	-0.160496752
Microryzomys_minutus	Microryzomys_minutus	1	-0.337583876	-0.117656715	-0.403174937	0.003528945	-0.265914412	-0.040172351	-0.205040612	0.022655036	-0.034695842	0.034641309	0.131526847	0.184669916	0.136830982	0.141139268	0.293788717	0.1594267	0.345791636	0.068966796	0.259909337	-0.049782696	0.293254337	-0.110034112	0.027639973	-0.130493954	-0.24233215	-0.166888143
Neacomys_guianae	Neacomys_guianae	2	-0.343371699	-0.11436616	-0.39432583	0.022462852	-0.267562441	-0.033749819	-0.205933938	0.023796568	-0.0258794	0.033761035	0.139648548	0.167031089	0.122517828	0.117462315	0.282429628	0.171115994	0.357232119	0.094175088	0.26082216	-0.035241008	0.299829677	-0.111983612	0.005818786	-0.15415236	-0.231225438	-0.180311982
Neacomys_spinosus	Neacomys_spinosus	2	-0.340192068	-0.113792057	-0.393839231	0.006627988	-0.264830713	-0.036143214	-0.201527983	0.026218212	-0.034573413	0.037579628	0.147046415	0.186682742	0.126514938	0.124068835	0.274221198	0.158625051	0.349643123	0.074513879	0.269995087	-0.029732874	0.300427958	-0.11669111	0.011855665	-0.139022949	-0.244740977	-0.17893413
Necromys_amoenus	Necromys_amoenus	1	-0.336482813	-0.118362137	-0.409287009	-0.00945982	-0.266855965	-0.038251341	-0.223287359	0.010553698	-0.016072005	0.04558914	0.191167358	0.206044817	0.139674877	0.112770092	0.265227227	0.147848388	0.332053475	0.074293548	0.223578099	-0.034748781	0.315914608	-0.114693538	0.027565305	-0.125110764	-0.243195798	-0.156473304
Necromys_lactens	Necromys_lactens	1	-0.3303174	-0.121708398	-0.422561257	-5.38E-04	-0.260055618	-0.035234968	-0.218669017	0.016671435	-0.00826402	0.054370867	0.147099141	0.200023857	0.123415424	0.113364862	0.270570131	0.14507406	0.339070685	0.055406685	0.255023303	-0.040454924	0.317872977	-0.103694045	0.027713995	-0.129362689	-0.240898343	-0.153918651
Necromys_lasiurus	Necromys_lasiurus	1	-0.333597454	-0.119027925	-0.407277899	-5.19E-04	-0.262499569	-0.03772545	-0.212442396	0.01445943	-0.025583895	0.038097617	0.161071839	0.19739768	0.1358263	0.125215879	0.26989089	0.149029358	0.334465716	0.070083445	0.247835118	-0.02942507	0.319433987	-0.120869264	0.018615237	-0.12947648	-0.245737874	-0.157239733
Necromys_lenguarum	Necromys_lenguarum	1	-0.330087564	-0.111580852	-0.412328353	-0.001518066	-0.265188476	-0.037189935	-0.22025978	0.004789436	-0.015745632	0.040739924	0.161002609	0.18987041	0.125976502	0.113174001	0.267448737	0.148050717	0.337405403	0.069874065	0.25100734	-0.028305246	0.32449062	-0.112404336	0.028997932	-0.126138786	-0.252719337	-0.149361331
Necromys_obscurus	Necromys_obscurus	1	-0.335581334	-0.111407734	-0.413827829	-0.001995873	-0.265930286	-0.039731071	-0.219811214	0.015837984	-0.009341201	0.044018164	0.139303066	0.186115278	0.131626854	0.12428711	0.269584335	0.142714085	0.330549876	0.052209606	0.251440955	-0.033406622	0.340626309	-0.100916113	0.027402838	-0.128008742	-0.246042369	-0.149716073
Necromys_urichi	Necromys_urichi	1	-0.322404479	-0.113723247	-0.420622941	-0.005820884	-0.268952745	-0.034874275	-0.230380237	0.002130426	-0.007253904	0.046559243	0.157080958	0.179767938	0.132553328	0.106588275	0.271027056	0.144450049	0.340514278	0.07684043	0.256429038	-0.03111074	0.31564757	-0.108332644	0.028852549	-0.117088009	-0.252490471	-0.145386561
Nectomys_apicalis	Nectomys_apicalis	1	-0.343134052	-0.112377156	-0.391032329	0.00943784	-0.255893658	-0.035527213	-0.21174409	0.022935611	-0.026121291	0.048619162	0.150260952	0.199531288	0.124349576	0.129705565	0.25913471	0.15049568	0.335716482	0.077470218	0.281582924	-0.033017609	0.311922901	-0.13037184	-0.003251663	-0.145062893	-0.231790464	-0.181838651
Nectomys_squamipes	Nectomys_squamipes	1	-0.331886476	-0.120619612	-0.396140641	0.01785981	-0.255538302	-0.033055273	-0.206790407	0.020890285	-0.01793876	0.04309365	0.142535064	0.197774308	0.131062568	0.13994753	0.246910112	0.148935306	0.330277638	0.063307189	0.285442118	-0.028478694	0.329981121	-0.121810962	-0.015188515	-0.152946278	-0.242725521	-0.17489726
Neotomys_ebriosus	Neotomys_ebriosus	2	-0.344666453	-0.098549315	-0.357690305	0.022084415	-0.27215805	-0.030432966	-0.209901906	0.020627777	-0.036485384	0.033961846	0.149823985	0.188770052	0.155370696	0.138547515	0.283199865	0.160236029	0.320502054	0.093992134	0.22498844	-0.006593341	0.355974847	-0.136697302	-0.048329585	-0.179907316	-0.220628202	-0.206039529
Nephelomys_albigularis	Nephelomys_albigularis	1	-0.335951182	-0.1118328	-0.401467676	0.02137364	-0.257299168	-0.034082108	-0.217020628	0.019904052	-0.01797478	0.039231657	0.132057905	0.179760587	0.119386025	0.110813747	0.248408604	0.135194837	0.335597007	0.074204752	0.293128746	-0.010583546	0.341714413	-0.113762584	0.008648148	-0.14610285	-0.249227414	-0.164119385
Nephelomys_keaysi	Nephelomys_keaysi	1	-0.332487213	-0.114658496	-0.404437846	0.016456185	-0.255477334	-0.035017354	-0.217985277	0.023446954	-0.025993854	0.041226088	0.139492109	0.186104856	0.125049878	0.115521172	0.251631879	0.139680061	0.334044863	0.067811967	0.288696991	-0.010795031	0.336672703	-0.118048495	6.33E-04	-0.146962431	-0.239840205	-0.164765475
Nephelomys_levipes	Nephelomys_levipes	1	-0.329150619	-0.11316739	-0.39628972	0.016264844	-0.258482026	-0.030863239	-0.22099792	0.024400725	-0.025238303	0.043147268	0.130523	0.190422733	0.110429761	0.10785679	0.255747097	0.138383347	0.338476897	0.076255531	0.285617726	-0.018065872	0.344641407	-0.125117893	0.009034955	-0.145075187	-0.244312256	-0.164441658
Nesoryzomys_fernandinae	Nesoryzomys_fernandinae	1	-0.334329526	-0.108817836	-0.397180806	0.01146711	-0.261878741	-0.037918053	-0.217633796	0.008435631	-0.013324152	0.033785919	0.121535502	0.174916282	0.125634819	0.126602007	0.266518773	0.143509263	0.356738553	0.072471586	0.296860979	-0.017217792	0.323015757	-0.108107507	-0.029653139	-0.143450153	-0.236304222	-0.155676456
Nesoryzomys_swarthi	Nesoryzomys_swarthi	1	-0.331656002	-0.118752031	-0.397291432	0.007008974	-0.261256482	-0.033293019	-0.221211312	0.012351191	-0.007669662	0.047941915	0.127644828	0.186905944	0.126298414	0.120741646	0.27523885	0.155323766	0.351366985	0.091421401	0.268214106	-0.054397819	0.309652409	-0.120478729	0.004030839	-0.133844149	-0.24336154	-0.16092909
Neusticomys_monticolus	Neusticomys_monticolus	3	-0.324424532	-0.119451591	-0.419325527	-5.77E-04	-0.273510416	-0.043128115	-0.233970314	-0.001051487	-0.022395074	0.049221231	0.195565589	0.197766612	0.13460459	0.103402262	0.257233344	0.130176218	0.32410637	0.061137745	0.260690691	-0.025271976	0.322224643	-0.095500337	0.02446704	-0.109099587	-0.245266403	-0.147623796
Oecomys_bicolor	Oecomys_bicolor	2	-0.337814714	-0.116134521	-0.394075715	0.005297304	-0.261770142	-0.035764546	-0.211025957	0.030638782	-0.031328923	0.041533241	0.132391839	0.175437893	0.136127105	0.125377226	0.264556682	0.15616903	0.34878218	0.079766344	0.275110847	-0.033026862	0.312108007	-0.12169097	0.013826402	-0.137120913	-0.246887609	-0.170482009
Oecomys_concolor	Oecomys_concolor	2	-0.344365513	-0.111269473	-0.403949703	0.013127194	-0.266417899	-0.037439313	-0.216358994	0.022270192	-0.002442733	0.042265073	0.1216674	0.159261824	0.129613653	0.107907899	0.261710338	0.153927665	0.350653593	0.089182354	0.275799849	-0.03981241	0.32347558	-0.106928798	0.014517772	-0.126708346	-0.243903344	-0.16578386
Oecomys_mamorae	Oecomys_mamorae	2	-0.337908401	-0.11923735	-0.389251103	0.010027432	-0.261994483	-0.035927382	-0.216309433	0.028503251	-0.021470186	0.046955767	0.132148785	0.179202605	0.128821996	0.117214441	0.265235681	0.150403329	0.347456512	0.073236767	0.278496157	-0.032472833	0.319200862	-0.108116884	0.007566054	-0.138748206	-0.25199244	-0.171040938
Oecomys_paricola	Oecomys_paricola	2	-0.330124223	-0.12092437	-0.397147871	0.012182968	-0.259324726	-0.030424207	-0.211765625	0.028284007	-0.021655693	0.044727	0.121983318	0.171279729	0.119899474	0.117921901	0.264527831	0.154258686	0.360955429	0.08924529	0.287455229	-0.034505376	0.315917205	-0.124647244	-0.010804226	-0.136294517	-0.239916121	-0.171103866
Oecomys_roberti	Oecomys_roberti	2	-0.342068222	-0.115697756	-0.399153956	0.00744353	-0.263900044	-0.034357804	-0.216340023	0.029511067	-0.013285782	0.051679297	0.124592151	0.167357921	0.120256178	0.1158533	0.257882204	0.143677388	0.351361111	0.075166873	0.291108493	-0.025635408	0.3191193	-0.112815156	0.01397201	-0.135349341	-0.243543421	-0.166833911
Oecomys_superans	Oecomys_superans	2	-0.341980867	-0.115348889	-0.397939056	0.009413122	-0.263824345	-0.03593624	-0.216118961	0.025139311	-0.017513344	0.050615597	0.135130927	0.177726063	0.121197835	0.121370204	0.261905639	0.138856666	0.33938856	0.0632925	0.293419611	-0.016741674	0.31962021	-0.110254783	0.008609848	-0.136834938	-0.241896059	-0.171296939
Oecomys_trinitatis	Oecomys_trinitatis	2	-0.348540309	-0.106120996	-0.382894498	0.011721934	-0.266584706	-0.0344806	-0.212957007	0.039756932	-0.034983254	0.03483616	0.130958172	0.174999211	0.132077396	0.1329594	0.257257682	0.145523791	0.341415218	0.080316348	0.280530891	-0.029937443	0.322261384	-0.118837003	0.021072748	-0.144118077	-0.239613717	-0.186619657
Oligoryzomys_andinus	Oligoryzomys_andinus	2	-0.337016817	-0.119722676	-0.395700278	0.007053782	-0.263437035	-0.038167976	-0.214405978	0.033939497	-0.021209784	0.048980053	0.137665327	0.185709257	0.135365127	0.138025599	0.274211096	0.156023632	0.339249489	0.069776193	0.250251986	-0.038232791	0.31773501	-0.123497968	0.013091716	-0.141108009	-0.235799859	-0.178778592
Oligoryzomys_chacoensis	Oligoryzomys_chacoensis	2	-0.335819502	-0.11919223	-0.39674033	0.011638121	-0.267393737	-0.038342698	-0.214443136	0.032993352	-0.02513652	0.039282199	0.149070964	0.180983168	0.139943011	0.127486951	0.260369401	0.153663832	0.334523261	0.066594618	0.268187139	-0.029044073	0.319568527	-0.109303653	0.011336216	-0.140319431	-0.243465294	-0.176440157
Oligoryzomys_destructor	Oligoryzomys_destructor	2	-0.340734449	-0.117873311	-0.39807251	0.007820852	-0.269317155	-0.03740569	-0.215448102	0.026899714	-0.016864267	0.03899153	0.142131813	0.181442377	0.142197167	0.132543776	0.258215925	0.155775065	0.342508533	0.07301281	0.266996192	-0.036789744	0.306027722	-0.116314625	0.02398199	-0.13777897	-0.241622858	-0.170323785
Oligoryzomys_flavescens	Oligoryzomys_flavescens	2	-0.344961896	-0.118234886	-0.403408049	0.006174911	-0.267414488	-0.044120064	-0.212423208	0.031199983	-0.02303989	0.045371222	0.162578929	0.192412173	0.137845869	0.130625778	0.260752713	0.155477648	0.327736238	0.058432634	0.264872498	-0.030570214	0.311438787	-0.113428216	0.012322612	-0.140399188	-0.226300115	-0.172941782
Oligoryzomys_fulvescens	Oligoryzomys_fulvescens	2	-0.332473823	-0.119700466	-0.400428298	0.01468677	-0.267121001	-0.036244016	-0.211375907	0.029792492	-0.040238033	0.032594358	0.13611866	0.183942577	0.132498111	0.126325442	0.272820716	0.154174748	0.338027224	0.069693416	0.268314389	-0.038608238	0.319155843	-0.112373305	0.026202976	-0.134959817	-0.241500858	-0.169323963
Oligoryzomys_longicaudatus	Oligoryzomys_longicaudatus	2	-0.342607004	-0.118643684	-0.398894399	0.008510631	-0.263627906	-0.039733836	-0.211647046	0.028161109	-0.026197112	0.042542699	0.147504403	0.194541471	0.130375385	0.135762336	0.266237933	0.154502099	0.335268739	0.0637242	0.261357451	-0.035808989	0.31640537	-0.123518069	0.014975542	-0.136789784	-0.229151357	-0.173250182
Oligoryzomys_magellanicus	Oligoryzomys_magellanicus	2	-0.338422202	-0.116644427	-0.403167695	0.010254897	-0.272165972	-0.041994895	-0.2165781	0.023637929	-0.032513558	0.039213092	0.145052948	0.175679413	0.133624902	0.130349424	0.276946845	0.149492903	0.339052865	0.067828861	0.26344552	-0.024698578	0.313428723	-0.114738292	0.022261426	-0.131599763	-0.230965702	-0.166780565
Oligoryzomys_microtis	Oligoryzomys_microtis	2	-0.332403111	-0.117838297	-0.397914283	0.005870482	-0.264939518	-0.039570062	-0.212710301	0.032615557	-0.034309542	0.040596419	0.14680264	0.188083719	0.127564188	0.125754931	0.264485028	0.152025587	0.341520524	0.06464489	0.267880461	-0.035202334	0.320811478	-0.114068842	0.017996542	-0.132676842	-0.244784105	-0.170235206
Oligoryzomys_nigripes	Oligoryzomys_nigripes	2	-0.335799769	-0.116631019	-0.389345476	0.010602252	-0.265176774	-0.035695585	-0.21048883	0.03058387	-0.037248422	0.039417983	0.129607051	0.181928528	0.129744805	0.133380827	0.271977096	0.15581186	0.342407693	0.067583778	0.266541832	-0.031922332	0.326209451	-0.121886769	0.013542355	-0.139896149	-0.241971012	-0.173277246
Oligoryzomys_vegetus	Oligoryzomys_vegetus	2	-0.335025435	-0.116066482	-0.403862889	0.022563218	-0.261025389	-0.035315465	-0.216791635	0.03182924	-0.031765132	0.034497082	0.117305638	0.176250487	0.130137909	0.118567445	0.259733326	0.147760514	0.354613692	0.072499346	0.288013665	-0.030957771	0.314041953	-0.108051746	0.022137364	-0.141531021	-0.237513065	-0.172044849
Oreoryzomys_balneator	Oreoryzomys_balneator	2	-0.334644833	-0.115038405	-0.415730569	0.008571412	-0.26775019	-0.03004549	-0.208808083	0.03533125	-0.049088872	0.0388783	0.12004157	0.179738287	0.123791834	0.136602653	0.268819729	0.146537661	0.358474908	0.060676872	0.282414397	-0.037221493	0.319974144	-0.124778147	-0.002955126	-0.120604738	-0.19453891	-0.178648162
Oryzomys_couesi	Oryzomys_couesi	1	-0.334201347	-0.119459772	-0.393066377	0.010568208	-0.265196761	-0.030092886	-0.224252663	0.022863096	-0.023869582	0.044452381	0.156741795	0.187944023	0.128563372	0.119068218	0.259792756	0.145207915	0.331811058	0.065752668	0.274803721	-0.02180748	0.328528078	-0.108493888	-1.57E-04	-0.143487548	-0.239497069	-0.172514934
Oryzomys_palustris	Oryzomys_palustris	1	-0.327894382	-0.125214489	-0.404738153	0.006850485	-0.265833408	-0.033540976	-0.218744694	0.025185355	-0.026956706	0.045828275	0.173374794	0.195960927	0.136683508	0.124872128	0.261534441	0.141748259	0.318347044	0.059695379	0.252667049	-0.026218508	0.331910807	-0.108850096	0.016659311	-0.133832025	-0.247009613	-0.172484714
Oxymycterus_dasytrichus	Oxymycterus_dasytrichus	3	-0.35790571	-0.100259099	-0.414435977	-0.013515639	-0.281602171	-0.043891128	-0.230476511	-0.009224574	-0.012420456	0.028198497	0.179367038	0.166198936	0.155427961	0.109764077	0.255335504	0.130827171	0.323351907	0.0789942	0.259831705	-0.024204262	0.325078113	-0.093435759	0.042884779	-0.095014116	-0.244436183	-0.134438303
Oxymycterus_delator	Oxymycterus_delator	3	-0.350148126	-0.102673706	-0.41512493	-0.011257302	-0.278453341	-0.040722349	-0.226327281	-0.007469766	-0.022528912	0.027847065	0.179204012	0.165768761	0.148393848	0.109612392	0.255145715	0.127932263	0.32015551	0.073924879	0.270677768	-0.020460565	0.334604693	-0.091315419	0.033429131	-0.095796664	-0.249028088	-0.135389589
Oxymycterus_nasutus	Oxymycterus_nasutus	3	-0.358571847	-0.095774291	-0.416593211	-0.012521849	-0.285072231	-0.045516725	-0.228761055	-0.016412457	-0.023043674	0.028058437	0.181380429	0.16566886	0.154706107	0.10780664	0.2554585	0.126848342	0.315500539	0.071285467	0.265681852	-0.015468478	0.331708256	-0.094928445	0.05243737	-0.086973881	-0.244831036	-0.13207162
Oxymycterus_paramensis	Oxymycterus_paramensis	3	-0.349273858	-0.101009322	-0.414645931	-0.014212444	-0.280912783	-0.04576399	-0.228344848	-0.015513943	-0.015793677	0.026845149	0.184564707	0.181580465	0.151290661	0.106088076	0.263004053	0.125183319	0.32367253	0.078110771	0.258101843	-0.022419258	0.323673811	-0.094199382	0.033879207	-0.091656932	-0.249215715	-0.13303251
Oxymycterus_quaestor	Oxymycterus_quaestor	3	-0.356293608	-0.098645549	-0.417105102	-0.013764573	-0.278454289	-0.04596626	-0.23096279	-0.014162091	-0.014677908	0.025154966	0.178021811	0.15528771	0.159518698	0.110493379	0.261892577	0.131748089	0.325411117	0.080796848	0.259990102	-0.021253715	0.331973152	-0.088197414	0.022313453	-0.090178391	-0.241627213	-0.131313001
Oxymycterus_rufus	Oxymycterus_rufus	3	-0.34857871	-0.104197804	-0.416443799	-0.011485397	-0.280604426	-0.044090374	-0.234806116	-0.010647719	-0.021008853	0.030640979	0.206186509	0.167161315	0.158427924	0.112758493	0.24340684	0.128719981	0.321694947	0.077409731	0.256988289	-0.02449692	0.327446462	-0.085924052	0.031617349	-0.098542862	-0.244326417	-0.137305372
Paynomys_macronyx	Paynomys_macronyx	1	-0.340456364	-0.11501069	-0.397598735	-0.002475549	-0.268563783	-0.04171591	-0.226891137	5.85E-05	-0.019237375	0.03122558	0.197551183	0.212424002	0.14704503	0.116262169	0.275432274	0.145713283	0.327176186	0.076239327	0.240308371	-0.02116991	0.292322163	-0.108544956	0.023030185	-0.132758848	-0.250117998	-0.16024702
Phyllotis_amicus	Phyllotis_amicus	1	-0.332576821	-0.117115736	-0.397364979	0.006028786	-0.278850472	-0.033552689	-0.217837703	0.017294546	-0.00865955	0.050077131	0.162531527	0.189461338	0.141876691	0.131637658	0.2749689	0.16007862	0.342339747	0.092187967	0.214874291	-0.0412412	0.310632952	-0.131022139	0.018012316	-0.145279903	-0.229946898	-0.178554377
Phyllotis_andium	Phyllotis_andium	1	-0.347316788	-0.108557307	-0.405036107	0.005676854	-0.270197794	-0.039535729	-0.214475161	0.010797665	0.007455069	0.049335448	0.162099933	0.189239452	0.142140877	0.128883809	0.266010364	0.152416358	0.328538421	0.080457905	0.224523336	-0.038731074	0.327358029	-0.113007311	0.01039621	-0.145747046	-0.231496388	-0.171229024
Phyllotis_caprinus	Phyllotis_caprinus	1	-0.340102315	-0.110054204	-0.393943584	0.008742622	-0.274437171	-0.040066776	-0.213478421	0.024062449	-0.017064352	0.040279874	0.152769371	0.186986067	0.1457589	0.130771276	0.27396852	0.155821174	0.333757982	0.083317079	0.225130079	-0.02724278	0.328823012	-0.129133082	0.007661204	-0.143240065	-0.228843227	-0.180243632
Phyllotis_darwini	Phyllotis_darwini	1	-0.344050993	-0.116660509	-0.403647937	0.006716707	-0.270592053	-0.045027102	-0.214443859	0.012739919	-7.13E-04	0.051727371	0.178246866	0.187939767	0.155719699	0.135110929	0.277970073	0.157504269	0.332158102	0.092101182	0.193985162	-0.031359067	0.314216419	-0.128888957	0.009731105	-0.142468749	-0.228579661	-0.179435761
Phyllotis_gerbillus	Phyllotis_gerbillus	1	-0.333738277	-0.119281239	-0.401079523	0.011634029	-0.277761558	-0.032638984	-0.217555515	0.018786367	-0.018833669	0.03839282	0.173442165	0.197203984	0.151913358	0.131047222	0.266755977	0.144678284	0.32498555	0.082958895	0.227812994	-0.03224828	0.315042391	-0.115931247	0.025535027	-0.14502481	-0.23651892	-0.179577041
Phyllotis_limatus	Phyllotis_limatus	1	-0.343959106	-0.113457132	-0.391475898	0.005511365	-0.270220193	-0.039461725	-0.210716353	0.015651524	-0.009040155	0.049202458	0.160047047	0.194873122	0.152861178	0.140176877	0.264107743	0.152979219	0.334816975	0.086361145	0.221769884	-0.033125427	0.317736939	-0.130953921	0.012048335	-0.150736367	-0.237976395	-0.177021139
Phyllotis_magister	Phyllotis_magister	1	-0.345915922	-0.11278405	-0.399340846	0.009441718	-0.265291668	-0.038480859	-0.217596059	0.008619968	1.50E-04	0.055880634	0.165738821	0.191891809	0.136371564	0.128942533	0.273083812	0.155341752	0.330889453	0.084435433	0.213616127	-0.03265489	0.329091663	-0.131166169	0.006126933	-0.139215113	-0.226923683	-0.180252767
Phyllotis_osilae	Phyllotis_osilae	1	-0.351219589	-0.103083473	-0.399476833	0.013093853	-0.27245372	-0.037573816	-0.212828975	0.016364822	-0.011750424	0.041374823	0.159292124	0.192937356	0.146854031	0.123683135	0.261593988	0.148881097	0.323186282	0.083549058	0.221409458	-0.034660216	0.343695931	-0.118568629	0.013451682	-0.144814068	-0.221753954	-0.181183942
Phyllotis_xanthopygus	Phyllotis_xanthopygus	1	-0.348485859	-0.105964507	-0.407522876	0.007034436	-0.263333751	-0.04417165	-0.212169313	0.00744873	0.011245298	0.053913425	0.148993877	0.189850625	0.134483377	0.12116864	0.27313215	0.149228305	0.335254066	0.088370202	0.215984905	-0.032398255	0.332237372	-0.125560066	0.016109646	-0.1419726	-0.235928892	-0.166947285
Podoxymys_roraimae	Podoxymys_roraimae	1	-0.349414941	-0.10104215	-0.43028834	-0.005284826	-0.282887118	-0.040114724	-0.23531445	-0.012682885	-0.005591503	0.028270397	0.154493064	0.163739745	0.144981097	0.105663479	0.277100311	0.129769892	0.331290738	0.077649992	0.257901617	-0.026479744	0.317730086	-0.092209187	0.050848316	-0.093490475	-0.230848878	-0.133789514
Pseudoryzomys_simplex	Pseudoryzomys_simplex	1	-0.348723054	-0.108326755	-0.385237758	0.009174282	-0.264437275	-0.038168274	-0.212533298	0.020421619	-0.022424787	0.03336478	0.16950235	0.220170733	0.135814878	0.124482077	0.241346578	0.142516341	0.319107941	0.07331013	0.273309705	-0.028365136	0.332928879	-0.123740824	-0.009618866	-0.150982066	-0.229035294	-0.173856908
Rhagomys_longilingua	Rhagomys_longilingua	3	-0.318675593	-0.116970873	-0.373747405	-0.002890642	-0.267198055	-0.01070448	-0.222350425	0.032516578	-0.02854535	0.044818313	0.100585177	0.192290368	0.116018236	0.13842576	0.304156788	0.168785581	0.378275985	0.105688802	0.248046491	-0.077791084	0.296397866	-0.136417407	-5.64E-04	-0.153558292	-0.232399899	-0.184192624
Rheomys_raptor	Rheomys_raptor	3	-0.329500556	-0.125705008	-0.422391823	0.002648981	-0.265301811	-0.033926628	-0.23354454	-7.91E-04	-0.045600113	0.05277942	0.215122451	0.217603359	0.124033867	0.110314897	0.265313591	0.133530195	0.315922611	0.053687104	0.244850049	-0.031565576	0.316753367	-0.104623521	0.038253986	-0.117171861	-0.22391108	-0.15678001
Rhipidomys_latimanus	Rhipidomys_latimanus	2	-0.336214816	-0.120734066	-0.407017006	0.005100363	-0.265695958	-0.03208785	-0.220257184	0.02104873	-0.013500347	0.052095133	0.139007845	0.184989184	0.120593755	0.112743457	0.255543202	0.148306062	0.343332016	0.062761071	0.286004762	-0.037849208	0.316747603	-0.112115764	0.022016977	-0.120120984	-0.240560849	-0.164136128
Rhipidomys_leucodactylus	Rhipidomys_leucodactylus	2	-0.337154105	-0.114624427	-0.396613257	0.002263107	-0.26426473	-0.030474427	-0.215524461	0.026615072	-0.022180776	0.048588622	0.123803193	0.177055479	0.121484457	0.111997741	0.259372803	0.14694254	0.344227735	0.076385791	0.287351903	-0.035585978	0.329819573	-0.121266443	0.017906839	-0.123461118	-0.248229174	-0.164435961
Rhipidomys_macconnelli	Rhipidomys_macconnelli	2	-0.342623299	-0.109069589	-0.395620551	0.011876894	-0.263728854	-0.028402096	-0.216483304	0.035729659	-0.036887885	0.033550371	0.117321546	0.17348814	0.125394298	0.102997635	0.255393244	0.15210044	0.352962457	0.080177737	0.286924202	-0.026812595	0.327954071	-0.119839906	0.026837143	-0.135141599	-0.237443069	-0.170655088
Rhipidomys_macrurus	Rhipidomys_macrurus	2	-0.335111362	-0.118163591	-0.397394024	0.00797971	-0.260954976	-0.029284314	-0.218286543	0.020632528	-0.012977539	0.059518175	0.112606982	0.168845466	0.097278359	0.095623437	0.278694286	0.160450466	0.361619169	0.084541965	0.291627817	-0.049946733	0.318713318	-0.113189209	0.007607706	-0.125434422	-0.243423192	-0.161573477
Rhipidomys_mastacalis	Rhipidomys_mastacalis	2	-0.328628387	-0.122645366	-0.397291911	-3.90E-04	-0.266110017	-0.030117168	-0.219098278	0.026109449	-0.023939912	0.056366758	0.128563678	0.176458275	0.124474709	0.120268031	0.258061119	0.153141494	0.35657677	0.08027523	0.27309553	-0.044311079	0.317583569	-0.134000016	0.024842212	-0.114667713	-0.248129083	-0.166488254
Scapteromys_aquaticus	Scapteromys_aquaticus	3	-0.336003592	-0.110712935	-0.411662443	0.003185945	-0.272674749	-0.035321284	-0.23075506	0.004607654	-0.013458238	0.038934188	0.161293067	0.185662317	0.130256724	0.109693531	0.245872934	0.133480981	0.323064504	0.066088642	0.274907993	-0.035223861	0.350422133	-0.100916257	0.015222968	-0.112011424	-0.236486241	-0.147467498
Scapteromys_tumidus	Scapteromys_tumidus	3	-0.334331374	-0.110325203	-0.413778683	0.002003894	-0.271050809	-0.030674225	-0.228788006	0.010651294	-0.008265302	0.045935328	0.152131945	0.172571999	0.1258958	0.109834526	0.239894617	0.135127691	0.32909376	0.075927172	0.279291055	-0.026946829	0.35092533	-0.115485167	0.014354715	-0.11860581	-0.235373048	-0.150014671
Scolomys_melanops	Scolomys_melanops	2	-0.331331002	-0.11757627	-0.403811621	0.003397061	-0.258935698	-0.027968403	-0.193070398	0.047490832	-0.063114577	0.062989877	0.095497088	0.163738298	0.104538157	0.115295628	0.283742228	0.143132585	0.356915569	0.056729279	0.292053302	-0.019580171	0.327240102	-0.121482891	0.043072348	-0.13153802	-0.252795497	-0.174627804
Sigmodon_alstoni	Sigmodon_alstoni	1	-0.335901185	-0.111355736	-0.378900882	0.016444915	-0.271469985	-0.027386312	-0.225874391	0.017979099	-0.008446876	0.036343638	0.16868114	0.213738594	0.143233104	0.121686818	0.23882189	0.150354339	0.311635895	0.066469077	0.246268716	-0.026443635	0.359893953	-0.113938435	-0.00928074	-0.166677151	-0.238660638	-0.177215211
Sigmodon_arizonae	Sigmodon_arizonae	1	-0.348528153	-0.106183294	-0.391374786	0.01748351	-0.275521419	-0.033282348	-0.227251498	0.030325852	-0.011484728	0.032759882	0.17124327	0.225829921	0.144843091	0.100686209	0.229233309	0.13302577	0.314121276	0.067174873	0.259052422	-0.032541066	0.348301938	-0.094914156	0.007592535	-0.161274017	-0.220227255	-0.179091136
Sigmodon_fulviventer	Sigmodon_fulviventer	1	-0.334340078	-0.107924001	-0.393073348	0.010228332	-0.279747482	-0.022649979	-0.234336054	0.012699719	0.003755386	0.02659487	0.160368111	0.212528174	0.144554076	0.102014965	0.247581127	0.142999	0.326794229	0.077171113	0.259346138	-0.007543907	0.323710207	-0.117925004	0.010400169	-0.158509737	-0.235012481	-0.169683546
Sigmodon_hirsutus	Sigmodon_hirsutus	1	-0.342966485	-0.112315271	-0.390695275	0.015471653	-0.271000241	-0.033480227	-0.2216329	0.031676125	-0.008266632	0.040226426	0.182144945	0.22448379	0.139411219	0.113386902	0.226018287	0.135645046	0.305966561	0.062738981	0.255834689	-0.02047569	0.35052153	-0.113653679	0.005868431	-0.159027467	-0.231204129	-0.18467659
Sigmodon_hispidus	Sigmodon_hispidus	1	-0.334931553	-0.11554551	-0.389383252	0.009743669	-0.277326819	-0.031443665	-0.224377483	0.031862371	-0.010662857	0.038033667	0.184784724	0.223051801	0.146021971	0.125623859	0.228843948	0.140491453	0.301896242	0.06355906	0.249515834	-0.029251539	0.34376392	-0.119690185	0.020857617	-0.154963195	-0.239002289	-0.181471787
Sigmodon_leucotis	Sigmodon_leucotis	1	-0.342577874	-0.108855939	-0.397029973	0.014193715	-0.273706854	-0.029650993	-0.231462448	0.012541402	0.002563948	0.027377264	0.161002431	0.217122412	0.142377216	0.123514012	0.246627996	0.138205163	0.316644521	0.062612253	0.241404124	-0.036102427	0.345087439	-0.103182481	0.019897288	-0.147830775	-0.230827815	-0.169943606
Sigmodon_mascotensis	Sigmodon_mascotensis	1	-0.336272835	-0.114958726	-0.385838543	0.010740584	-0.270682555	-0.02842795	-0.22688719	0.019263435	-0.016258411	0.043418379	0.191108302	0.226925225	0.130296268	0.11784266	0.220679705	0.135173444	0.311459101	0.059470074	0.257897826	-0.023168655	0.353852023	-0.117755797	0.00918348	-0.154430924	-0.238537171	-0.174091747
Sigmodon_peruanus	Sigmodon_peruanus	1	-0.329851668	-0.109585809	-0.37771563	0.022916278	-0.276063311	-0.026867113	-0.228288607	0.026500488	-0.027684223	0.037617961	0.165465502	0.24155318	0.138674817	0.113710871	0.238044407	0.143533806	0.31443614	0.064554484	0.254738548	-0.032271276	0.34433418	-0.12110049	0.009613218	-0.171241004	-0.225703372	-0.189321377
Sigmodon_toltecus	Sigmodon_toltecus	1	-0.34470844	-0.1071003	-0.386029317	0.010678136	-0.270480164	-0.033950345	-0.223136654	0.024945724	-0.005576951	0.034603693	0.184058803	0.222498721	0.144190295	0.116346955	0.23234395	0.132780359	0.306937144	0.07223737	0.247132163	-0.022207698	0.350255016	-0.109880561	0.004974389	-0.161001527	-0.239960234	-0.179950527
Sigmodontomys_alfari	Sigmodontomys_alfari	2	-0.335396321	-0.124503594	-0.403475022	0.016438841	-0.256704022	-0.025519746	-0.210143738	0.020447063	-0.006755226	0.051020536	0.1485028	0.20312664	0.130204804	0.128213125	0.249584032	0.139299576	0.33334726	0.074343016	0.283230806	-0.028572874	0.312838012	-0.117754089	-0.010203126	-0.15718336	-0.235030259	-0.179355132
Sooretamys_angouya	Sooretamys_angouya	2	-0.322189721	-0.120893346	-0.399192409	0.017840744	-0.270857979	-0.028312989	-0.221308921	0.025468287	-0.020118831	0.04793892	0.126563159	0.181211563	0.128974827	0.127076473	0.260391199	0.148416389	0.335850786	0.072988197	0.280851163	-0.020525515	0.329181755	-0.13347282	0.00450333	-0.144616857	-0.23264836	-0.173119047
Thalpomys_lasiotis	Thalpomys_lasiotis	1	-0.368356104	-0.100478775	-0.414101234	-0.009570575	-0.256737996	-0.044052377	-0.211887947	0.013531322	-0.020713659	0.037164061	0.15281943	0.170788978	0.127019523	0.111453093	0.282298444	0.136730356	0.330099244	0.073527239	0.247697681	-0.024220143	0.331992626	-0.101228687	0.039947245	-0.112622789	-0.240077254	-0.151021702
Thaptomys_nigrita	Thaptomys_nigrita	3	-0.338830126	-0.119670426	-0.414711248	0.007128913	-0.261739063	-0.034325585	-0.212450435	0.014813374	-0.032358843	0.042702569	0.156271088	0.208286806	0.135082334	0.115082556	0.267030474	0.138268477	0.338826352	0.073161617	0.249057705	-0.0457353	0.321761469	-0.10813769	0.016404938	-0.129672959	-0.224344645	-0.161902353
Thomasomys_aureus	Thomasomys_aureus	1	-0.338088154	-0.112236898	-0.407276433	0.006589758	-0.265765694	-0.038355446	-0.22117607	0.024947787	-0.012708915	0.042695343	0.146133083	0.191490292	0.114517807	0.0958309	0.252828981	0.131319227	0.336383404	0.074217254	0.27898865	-0.026147307	0.345086253	-0.109613664	0.00734347	-0.121496491	-0.236266382	-0.159240753
Thomasomys_baeops	Thomasomys_baeops	1	-0.326625606	-0.125312641	-0.397752828	0.003895488	-0.270742049	-0.034202816	-0.215120941	0.028004376	-0.02849493	0.051012538	0.149879236	0.19678722	0.133397986	0.123040721	0.263523656	0.148228226	0.345601173	0.076825175	0.255548422	-0.052272684	0.31637879	-0.117695115	0.016290618	-0.126203442	-0.241883529	-0.172107045
Thomasomys_daphne	Thomasomys_daphne	1	-0.336760579	-0.119780617	-0.437052129	-0.009777819	-0.253459741	-0.031681041	-0.200046305	0.017331024	-0.017413628	0.048632762	0.142537653	0.187838531	0.123227008	0.103037729	0.278514483	0.139702638	0.345799178	0.080047367	0.255082614	-0.049679746	0.309754484	-0.103883441	0.039780919	-0.113923033	-0.249963956	-0.147864356
Thomasomys_gracilis	Thomasomys_gracilis	1	-0.33511287	-0.119130123	-0.412541349	-0.004670032	-0.269521318	-0.034606336	-0.216477711	0.017070951	-0.013013193	0.052223376	0.13573924	0.191306587	0.131660086	0.114737335	0.270122606	0.143212872	0.353708777	0.075172495	0.258114408	-0.046545523	0.314817641	-0.114242866	0.012007861	-0.118793641	-0.229504179	-0.155735095
Thomasomys_ischyrus	Thomasomys_ischyrus	1	-0.340847239	-0.112881019	-0.416302926	-0.001380627	-0.26427769	-0.042276729	-0.208269495	0.019142667	-0.020416751	0.050160979	0.134233811	0.180051933	0.113646572	0.101208957	0.273443625	0.131072957	0.347822238	0.067521264	0.273441624	-0.034835559	0.327770584	-0.097426906	0.030882888	-0.107099137	-0.251127241	-0.15325878
Thomasomys_notatus	Thomasomys_notatus	1	-0.339309791	-0.120498932	-0.397516473	-0.005063614	-0.264920368	-0.035600703	-0.208368527	0.023188128	-0.029558878	0.046832016	0.151489601	0.203378979	0.13501126	0.122248993	0.268564912	0.145212566	0.337576504	0.076364931	0.253564186	-0.042030268	0.31646318	-0.127626034	0.02241257	-0.119680497	-0.245408177	-0.166725565
Thomasomys_oreas	Thomasomys_oreas	1	-0.343635093	-0.115787843	-0.404444378	-0.008011921	-0.265693817	-0.038771744	-0.208229605	0.030317031	-0.022514161	0.050369311	0.138698504	0.192958704	0.124178058	0.120568655	0.264226971	0.143601581	0.345935243	0.072331335	0.265818014	-0.042479079	0.319613118	-0.123998213	0.020635306	-0.119922379	-0.234588159	-0.161175438
Transandinomys_bolivaris	Transandinomys_bolivaris	1	-0.323888111	-0.114667067	-0.391990313	0.010396026	-0.264741619	-0.028982622	-0.222013605	0.030041297	-0.040135545	0.038922833	0.140020552	0.182075619	0.122893056	0.137332272	0.253807895	0.143219443	0.35211746	0.074403107	0.290610271	-0.025730534	0.326969171	-0.128275978	-0.020908299	-0.139469482	-0.222740914	-0.179264913
Transandinomys_talamancae	Transandinomys_talamancae	1	-0.339397208	-0.113750645	-0.402461122	0.006235668	-0.26134169	-0.035882689	-0.209735371	0.029004063	-0.026684392	0.041172891	0.15072439	0.180517541	0.137431915	0.120616646	0.249366534	0.13501826	0.330700981	0.064814456	0.286930375	-0.010868961	0.334671835	-0.107651949	-0.00744304	-0.13702097	-0.242763205	-0.172204313
Wiedomys_pyrrhorhinos	Wiedomys_pyrrhorhinos	1	-0.338939928	-0.110947389	-0.397225718	0.006847036	-0.271057976	-0.038720033	-0.216454371	0.024529365	-0.017207143	0.041731373	0.147929722	0.167624428	0.134284938	0.12865435	0.269697817	0.161062722	0.336919516	0.088289772	0.24810128	-0.039813984	0.326061407	-0.122936413	0.01512239	-0.134639664	-0.237231934	-0.171681563
Zygodontomys_brevicauda	Zygodontomys_brevicauda	1	-0.342445133	-0.115689595	-0.40094761	0.008250238	-0.266867879	-0.039181665	-0.218825994	0.020557922	-0.019462123	0.039611378	0.185765983	0.205887242	0.138747402	0.122342752	0.240419986	0.13808918	0.312038445	0.058733071	0.265266311	-0.015142807	0.337952698	-0.114222537	-4.04E-04	-0.13660851	-0.231237789	-0.172626669
